-2000	-0.08
-1996	-0.08
-1992	-0.08
-1988	-0.08
-1984	-0.08
-1980	-0.08
-1976	-0.08
-1972	-0.08
-1968	-0.08
-1964	-0.08
-1960	-0.08
-1956	-0.08
-1952	-0.08
-1948	-0.08
-1944	-0.08
-1940	-0.08
-1936	-0.08
-1932	-0.08
-1928	-0.08
-1924	-0.08
-1920	-0.08
-1916	-0.08
-1912	-0.08
-1908	-0.08
-1904	-0.08
-1900	-0.08
-1896	-0.08
-1892	-0.08
-1888	-0.08
-1884	-0.08
-1880	-0.08
-1876	-0.08
-1872	-0.08
-1868	-0.08
-1864	-0.08
-1860	-0.08
-1856	-0.08
-1852	-0.08
-1848	-0.08
-1844	-0.08
-1840	-0.08
-1836	-0.08
-1832	-0.08
-1828	-0.08
-1824	-0.08
-1820	-0.08
-1816	-0.08
-1812	-0.08
-1808	-0.08
-1804	-0.08
-1800	-0.08
-1796	-0.08
-1792	-0.08
-1788	-0.08
-1784	-0.08
-1780	-0.08
-1776	-0.08
-1772	-0.08
-1768	-0.08
-1764	-0.08
-1760	-0.08
-1756	-0.08
-1752	-0.08
-1748	-0.08
-1744	-0.08
-1740	-0.08
-1736	-0.08
-1732	-0.08
-1728	-0.08
-1724	-0.08
-1720	-0.08
-1716	-0.08
-1712	-0.08
-1708	-0.08
-1704	-0.08
-1700	-0.08
-1696	-0.08
-1692	-0.08
-1688	-0.08
-1684	-0.16
-1680	-0.08
-1676	-0.08
-1672	-0.08
-1668	-0.08
-1664	-0.08
-1660	-0.08
-1656	-0.16
-1652	-0.16
-1648	-0.08
-1644	-0.08
-1640	-0.08
-1636	-0.16
-1632	-0.16
-1628	-0.08
-1624	-0.08
-1620	-0.08
-1616	-0.08
-1612	-0.08
-1608	-0.08
-1604	-0.08
-1600	-0.16
-1596	-0.08
-1592	-0.08
-1588	-0.08
-1584	-0.08
-1580	-0.08
-1576	-0.08
-1572	-0.08
-1568	-0.08
-1564	-0.08
-1560	-0.08
-1556	-0.08
-1552	-0.08
-1548	-0.08
-1544	-0.08
-1540	-0.08
-1536	-0.08
-1532	-0.08
-1528	-0.08
-1524	-0.08
-1520	-0.08
-1516	-0.08
-1512	-0.08
-1508	-0.08
-1504	-0.08
-1500	-0.08
-1496	-0.08
-1492	-0.08
-1488	-0.08
-1484	-0.08
-1480	-0.08
-1476	-0.08
-1472	-0.08
-1468	-0.08
-1464	-0.08
-1460	-0.08
-1456	-0.08
-1452	-0.08
-1448	-0.08
-1444	-0.08
-1440	-0.08
-1436	-0.08
-1432	-0.08
-1428	0
-1424	-0.08
-1420	-0.08
-1416	-0.08
-1412	-0.08
-1408	-0.08
-1404	-0.08
-1400	-0.08
-1396	-0.08
-1392	-0.08
-1388	0
-1384	-0.08
-1380	0
-1376	-0.08
-1372	-0.08
-1368	-0.08
-1364	0
-1360	-0.08
-1356	-0.08
-1352	-0.08
-1348	0
-1344	-0.08
-1340	0
-1336	-0.08
-1332	-0.08
-1328	-0.08
-1324	0
-1320	-0.08
-1316	-0.08
-1312	0
-1308	-0.08
-1304	0
-1300	0
-1296	0
-1292	0
-1288	0
-1284	-0.08
-1280	-0.08
-1276	0
-1272	0
-1268	0
-1264	0
-1260	0
-1256	0
-1252	0
-1248	0
-1244	0.08
-1240	0
-1236	0
-1232	0
-1228	0
-1224	0
-1220	0
-1216	0.08
-1212	0
-1208	0.08
-1204	0.08
-1200	0.08
-1196	0
-1192	0
-1188	0.08
-1184	0.08
-1180	0.08
-1176	0.08
-1172	0.08
-1168	0.16
-1164	0.08
-1160	0.08
-1156	0.08
-1152	0.08
-1148	0.16
-1144	0.08
-1140	0.08
-1136	0.16
-1132	0.08
-1128	0.08
-1124	0.08
-1120	0.08
-1116	0.16
-1112	0.16
-1108	0.16
-1104	0.16
-1100	0.16
-1096	0.16
-1092	0.08
-1088	0.16
-1084	0.16
-1080	0.16
-1076	0.16
-1072	0.24
-1068	0.16
-1064	0.16
-1060	0.16
-1056	0.16
-1052	0.16
-1048	0.24
-1044	0.24
-1040	0.24
-1036	0.24
-1032	0.24
-1028	0.24
-1024	0.24
-1020	0.24
-1016	0.24
-1012	0.24
-1008	0.24
-1004	0.24
-1000	0.24
-996	0.24
-992	0.32
-988	0.24
-984	0.32
-980	0.32
-976	0.32
-972	0.32
-968	0.32
-964	0.32
-960	0.32
-956	0.4
-952	0.32
-948	0.32
-944	0.32
-940	0.32
-936	0.4
-932	0.32
-928	0.32
-924	0.4
-920	0.4
-916	0.4
-912	0.4
-908	0.4
-904	0.4
-900	0.48
-896	0.4
-892	0.4
-888	0.4
-884	0.4
-880	0.48
-876	0.48
-872	0.48
-868	0.48
-864	0.48
-860	0.48
-856	0.48
-852	0.48
-848	0.48
-844	0.48
-840	0.48
-836	0.48
-832	0.48
-828	0.48
-824	0.48
-820	0.48
-816	0.48
-812	0.48
-808	0.48
-804	0.48
-800	0.48
-796	0.48
-792	0.48
-788	0.48
-784	0.48
-780	0.48
-776	0.48
-772	0.48
-768	0.48
-764	0.48
-760	0.48
-756	0.4
-752	0.4
-748	0.4
-744	0.4
-740	0.48
-736	0.48
-732	0.4
-728	0.4
-724	0.4
-720	0.4
-716	0.32
-712	0.32
-708	0.32
-704	0.32
-700	0.32
-696	0.24
-692	0.24
-688	0.24
-684	0.16
-680	0.16
-676	0.16
-672	0.16
-668	0.16
-664	0.16
-660	0.08
-656	0
-652	0
-648	0
-644	-0.08
-640	-0.08
-636	-0.08
-632	-0.16
-628	-0.24
-624	-0.24
-620	-0.32
-616	-0.32
-612	-0.4
-608	-0.4
-604	-0.56
-600	-0.48
-596	-0.56
-592	-0.64
-588	-0.72
-584	-0.72
-580	-0.8
-576	-0.88
-572	-0.88
-568	-0.96
-564	-1.04
-560	-1.12
-556	-1.2
-552	-1.28
-548	-1.28
-544	-1.36
-540	-1.44
-536	-1.52
-532	-1.6
-528	-1.6
-524	-1.68
-520	-1.76
-516	-1.84
-512	-1.84
-508	-2
-504	-2
-500	-2.08
-496	-2.24
-492	-2.32
-488	-2.32
-484	-2.48
-480	-2.56
-476	-2.64
-472	-2.72
-468	-2.8
-464	-2.88
-460	-2.96
-456	-3.04
-452	-3.12
-448	-3.2
-444	-3.28
-440	-3.44
-436	-3.44
-432	-3.52
-428	-3.68
-424	-3.76
-420	-3.84
-416	-3.92
-412	-4
-408	-4.08
-404	-4.16
-400	-4.24
-396	-4.4
-392	-4.4
-388	-4.48
-384	-4.56
-380	-4.64
-376	-4.72
-372	-4.8
-368	-4.88
-364	-4.96
-360	-4.96
-356	-5.12
-352	-5.2
-348	-5.28
-344	-5.28
-340	-5.36
-336	-5.44
-332	-5.52
-328	-5.6
-324	-5.6
-320	-5.6
-316	-5.68
-312	-5.76
-308	-5.76
-304	-5.84
-300	-5.92
-296	-6
-292	-6
-288	-6.08
-284	-6.08
-280	-6.08
-276	-6.08
-272	-6.16
-268	-6.16
-264	-6.16
-260	-6.16
-256	-6.16
-252	-6.16
-248	-6.16
-244	-6.16
-240	-6.16
-236	-6.16
-232	-6.16
-228	-6.16
-224	-6.16
-220	-6.16
-216	-6.08
-212	-6.08
-208	-6.08
-204	-6
-200	-6
-196	-5.92
-192	-5.92
-188	-5.84
-184	-5.84
-180	-5.76
-176	-5.68
-172	-5.6
-168	-5.52
-164	-5.44
-160	-5.44
-156	-5.36
-152	-5.28
-148	-5.12
-144	-5.04
-140	-4.96
-136	-4.88
-132	-4.8
-128	-4.72
-124	-4.64
-120	-4.56
-116	-4.4
-112	-4.32
-108	-4.24
-104	-4.16
-100	-4
-96	-3.92
-92	-3.68
-88	-3.6
-84	-3.52
-80	-3.36
-76	-3.2
-72	-3.12
-68	-3.04
-64	-2.88
-60	-2.72
-56	-2.64
-52	-2.48
-48	-2.24
-44	-2.16
-40	-2
-36	-1.84
-32	-1.68
-28	-1.6
-24	-1.36
-20	-1.28
-16	-1.12
-12	-0.96
-8	-0.8
-4	-0.64
0	-0.56
4	-0.32
8	-0.16
12	0
16	0.08
20	0.24
24	0.32
28	0.56
32	0.72
36	0.88
40	1.04
44	1.12
48	1.36
52	1.44
56	1.6
60	1.84
64	2
68	2.08
72	2.24
76	2.32
80	2.48
84	2.56
88	2.72
92	2.8
96	2.96
100	3.2
104	3.28
108	3.36
112	3.52
116	3.6
120	3.68
124	3.84
128	3.92
132	4
136	4.16
140	4.24
144	4.4
148	4.48
152	4.56
156	4.56
160	4.72
164	4.8
168	4.96
172	4.96
176	5.04
180	5.04
184	5.12
188	5.28
192	5.28
196	5.36
200	5.36
204	5.44
208	5.44
212	5.52
216	5.52
220	5.52
224	5.6
228	5.6
232	5.68
236	5.68
240	5.6
244	5.68
248	5.68
252	5.68
256	5.68
260	5.68
264	5.68
268	5.68
272	5.6
276	5.6
280	5.6
284	5.6
288	5.6
292	5.52
296	5.52
300	5.44
304	5.36
308	5.36
312	5.36
316	5.2
320	5.2
324	5.12
328	5.12
332	5.04
336	4.96
340	4.96
344	4.8
348	4.8
352	4.72
356	4.64
360	4.56
364	4.48
368	4.4
372	4.32
376	4.24
380	4.16
384	4.08
388	4
392	3.92
396	3.84
400	3.68
404	3.68
408	3.6
412	3.52
416	3.44
420	3.36
424	3.28
428	3.2
432	3.04
436	2.96
440	2.8
444	2.8
448	2.64
452	2.56
456	2.48
460	2.4
464	2.32
468	2.24
472	2.16
476	2.08
480	2
484	1.92
488	1.84
492	1.76
496	1.68
500	1.52
504	1.52
508	1.36
512	1.28
516	1.2
520	1.12
524	1.04
528	0.96
532	0.88
536	0.88
540	0.8
544	0.72
548	0.64
552	0.56
556	0.48
560	0.4
564	0.32
568	0.32
572	0.24
576	0.16
580	0.08
584	0.08
588	-0.08
592	-0.08
596	-0.16
600	-0.24
604	-0.24
608	-0.32
612	-0.32
616	-0.4
620	-0.4
624	-0.48
628	-0.56
632	-0.56
636	-0.64
640	-0.64
644	-0.72
648	-0.8
652	-0.8
656	-0.8
660	-0.88
664	-0.96
668	-0.88
672	-0.96
676	-0.96
680	-1.04
684	-1.04
688	-1.04
692	-1.04
696	-1.12
700	-1.12
704	-1.12
708	-1.12
712	-1.2
716	-1.2
720	-1.2
724	-1.2
728	-1.2
732	-1.28
736	-1.28
740	-1.28
744	-1.28
748	-1.28
752	-1.28
756	-1.36
760	-1.28
764	-1.36
768	-1.28
772	-1.28
776	-1.36
780	-1.28
784	-1.36
788	-1.36
792	-1.36
796	-1.28
800	-1.36
804	-1.36
808	-1.36
812	-1.36
816	-1.28
820	-1.28
824	-1.36
828	-1.28
832	-1.36
836	-1.28
840	-1.36
844	-1.28
848	-1.36
852	-1.36
856	-1.28
860	-1.36
864	-1.28
868	-1.28
872	-1.28
876	-1.28
880	-1.28
884	-1.28
888	-1.28
892	-1.28
896	-1.28
900	-1.2
904	-1.28
908	-1.2
912	-1.2
916	-1.2
920	-1.2
924	-1.2
928	-1.12
932	-1.2
936	-1.12
940	-1.2
944	-1.12
948	-1.12
952	-1.12
956	-1.12
960	-1.12
964	-1.12
968	-1.12
972	-1.12
976	-1.12
980	-1.12
984	-1.12
988	-1.12
992	-1.04
996	-1.04
1000	-1.12
1004	-1.04
1008	-1.04
1012	-1.04
1016	-1.04
1020	-1.04
1024	-1.04
1028	-1.04
1032	-1.04
1036	-1.04
1040	-1.04
1044	-1.04
1048	-1.04
1052	-1.04
1056	-1.04
1060	-0.96
1064	-0.96
1068	-0.96
1072	-0.96
1076	-1.04
1080	-0.96
1084	-0.96
1088	-0.96
1092	-0.96
1096	-0.96
1100	-0.96
1104	-0.96
1108	-0.96
1112	-0.96
1116	-0.96
1120	-0.96
1124	-0.96
1128	-0.96
1132	-0.96
1136	-0.96
1140	-0.96
1144	-0.96
1148	-0.96
1152	-0.96
1156	-0.96
1160	-0.88
1164	-0.88
1168	-0.96
1172	-0.88
1176	-0.96
1180	-0.88
1184	-0.88
1188	-0.88
1192	-0.88
1196	-0.88
1200	-0.88
1204	-0.88
1208	-0.96
1212	-0.88
1216	-0.88
1220	-0.88
1224	-0.88
1228	-0.88
1232	-0.88
1236	-0.88
1240	-0.88
1244	-0.88
1248	-0.88
1252	-0.8
1256	-0.88
1260	-0.88
1264	-0.88
1268	-0.96
1272	-0.88
1276	-0.88
1280	-0.88
1284	-0.88
1288	-0.88
1292	-0.8
1296	-0.88
1300	-0.88
1304	-0.88
1308	-0.88
1312	-0.88
1316	-0.88
1320	-0.88
1324	-0.8
1328	-0.88
1332	-0.88
1336	-0.88
1340	-0.8
1344	-0.88
1348	-0.8
1352	-0.88
1356	-0.88
1360	-0.88
1364	-0.88
1368	-0.88
1372	-0.88
1376	-0.8
1380	-0.88
1384	-0.88
1388	-0.8
1392	-0.88
1396	-0.8
1400	-0.88
1404	-0.8
1408	-0.88
1412	-0.8
1416	-0.88
1420	-0.8
1424	-0.88
1428	-0.88
1432	-0.8
1436	-0.8
1440	-0.8
1444	-0.88
1448	-0.8
1452	-0.8
1456	-0.88
1460	-0.88
1464	-0.88
1468	-0.8
1472	-0.8
1476	-0.8
1480	-0.8
1484	-0.8
1488	-0.8
1492	-0.88
1496	-0.8
1500	-0.88
1504	-0.8
1508	-0.8
1512	-0.8
1516	-0.88
1520	-0.8
1524	-0.88
1528	-0.8
1532	-0.8
1536	-0.8
1540	-0.8
1544	-0.8
1548	-0.88
1552	-0.88
1556	-0.8
1560	-0.88
1564	-0.88
1568	-0.8
1572	-0.8
1576	-0.8
1580	-0.8
1584	-0.8
1588	-0.88
1592	-0.8
1596	-0.8
1600	-0.8
1604	-0.8
1608	-0.8
1612	-0.8
1616	-0.88
1620	-0.8
1624	-0.88
1628	-0.8
1632	-0.88
1636	-0.8
1640	-0.8
1644	-0.8
1648	-0.88
1652	-0.8
1656	-0.88
1660	-0.88
1664	-0.8
1668	-0.8
1672	-0.8
1676	-0.8
1680	-0.88
1684	-0.88
1688	-0.8
1692	-0.8
1696	-0.8
1700	-0.8
1704	-0.8
1708	-0.8
1712	-0.8
1716	-0.88
1720	-0.8
1724	-0.88
1728	-0.8
1732	-0.88
1736	-0.8
1740	-0.88
1744	-0.8
1748	-0.88
1752	-0.8
1756	-0.8
1760	-0.88
1764	-0.8
1768	-0.8
1772	-0.8
1776	-0.8
1780	-0.8
1784	-0.88
1788	-0.8
1792	-0.88
1796	-0.8
1800	-0.88
1804	-0.8
1808	-0.8
1812	-0.8
1816	-0.8
1820	-0.8
1824	-0.88
1828	-0.8
1832	-0.8
1836	-0.8
1840	-0.8
1844	-0.8
1848	-0.8
1852	-0.8
1856	-0.8
1860	-0.8
1864	-0.8
1868	-0.8
1872	-0.88
1876	-0.8
1880	-0.88
1884	-0.8
1888	-0.8
1892	-0.8
1896	-0.8
1900	-0.8
1904	-0.8
1908	-0.8
1912	-0.8
1916	-0.8
1920	-0.8
1924	-0.8
1928	-0.8
1932	-0.8
1936	-0.8
1940	-0.8
1944	-0.8
1948	-0.8
1952	-0.8
1956	-0.8
1960	-0.8
1964	-0.8
1968	-0.8
1972	-0.8
1976	-0.8
1980	-0.8
1984	-0.8
1988	-0.8
1992	-0.8
1996	-0.8
2000	-0.8
