-2000	2.24
-1996	2.32
-1992	2.32
-1988	2.32
-1984	2.32
-1980	2.32
-1976	2.32
-1972	2.32
-1968	2.32
-1964	2.32
-1960	2.32
-1956	2.32
-1952	2.32
-1948	2.4
-1944	2.4
-1940	2.32
-1936	2.32
-1932	2.4
-1928	2.4
-1924	2.32
-1920	2.32
-1916	2.4
-1912	2.4
-1908	2.4
-1904	2.4
-1900	2.4
-1896	2.4
-1892	2.4
-1888	2.4
-1884	2.4
-1880	2.4
-1876	2.48
-1872	2.4
-1868	2.4
-1864	2.48
-1860	2.48
-1856	2.4
-1852	2.48
-1848	2.48
-1844	2.48
-1840	2.48
-1836	2.48
-1832	2.48
-1828	2.48
-1824	2.48
-1820	2.48
-1816	2.48
-1812	2.48
-1808	2.48
-1804	2.48
-1800	2.48
-1796	2.48
-1792	2.48
-1788	2.48
-1784	2.48
-1780	2.48
-1776	2.48
-1772	2.48
-1768	2.48
-1764	2.48
-1760	2.48
-1756	2.48
-1752	2.48
-1748	2.48
-1744	2.48
-1740	2.48
-1736	2.48
-1732	2.48
-1728	2.48
-1724	2.48
-1720	2.48
-1716	2.48
-1712	2.48
-1708	2.4
-1704	2.48
-1700	2.48
-1696	2.48
-1692	2.48
-1688	2.48
-1684	2.4
-1680	2.4
-1676	2.4
-1672	2.4
-1668	2.4
-1664	2.4
-1660	2.4
-1656	2.32
-1652	2.4
-1648	2.32
-1644	2.4
-1640	2.4
-1636	2.32
-1632	2.32
-1628	2.32
-1624	2.32
-1620	2.32
-1616	2.32
-1612	2.32
-1608	2.32
-1604	2.24
-1600	2.24
-1596	2.24
-1592	2.24
-1588	2.24
-1584	2.24
-1580	2.24
-1576	2.24
-1572	2.24
-1568	2.16
-1564	2.16
-1560	2.08
-1556	2.16
-1552	2.16
-1548	2.08
-1544	2.08
-1540	2.08
-1536	2.08
-1532	2.08
-1528	2
-1524	1.92
-1520	2
-1516	1.92
-1512	1.92
-1508	1.92
-1504	1.92
-1500	1.84
-1496	1.84
-1492	1.84
-1488	1.76
-1484	1.76
-1480	1.84
-1476	1.76
-1472	1.68
-1468	1.68
-1464	1.68
-1460	1.68
-1456	1.6
-1452	1.6
-1448	1.52
-1444	1.52
-1440	1.52
-1436	1.44
-1432	1.44
-1428	1.36
-1424	1.36
-1420	1.36
-1416	1.36
-1412	1.28
-1408	1.28
-1404	1.2
-1400	1.2
-1396	1.2
-1392	1.12
-1388	1.12
-1384	1.04
-1380	1.04
-1376	0.96
-1372	0.96
-1368	0.96
-1364	0.88
-1360	0.88
-1356	0.88
-1352	0.8
-1348	0.8
-1344	0.8
-1340	0.72
-1336	0.64
-1332	0.56
-1328	0.56
-1324	0.56
-1320	0.48
-1316	0.4
-1312	0.4
-1308	0.4
-1304	0.32
-1300	0.24
-1296	0.24
-1292	0.16
-1288	0.16
-1284	0.16
-1280	0.08
-1276	0
-1272	0
-1268	-0.08
-1264	-0.08
-1260	-0.16
-1256	-0.24
-1252	-0.24
-1248	-0.32
-1244	-0.4
-1240	-0.4
-1236	-0.48
-1232	-0.48
-1228	-0.48
-1224	-0.56
-1220	-0.64
-1216	-0.72
-1212	-0.8
-1208	-0.8
-1204	-0.8
-1200	-0.88
-1196	-1.04
-1192	-1.04
-1188	-1.04
-1184	-1.12
-1180	-1.12
-1176	-1.2
-1172	-1.28
-1168	-1.28
-1164	-1.36
-1160	-1.44
-1156	-1.44
-1152	-1.52
-1148	-1.6
-1144	-1.68
-1140	-1.76
-1136	-1.76
-1132	-1.84
-1128	-1.92
-1124	-2
-1120	-2
-1116	-2
-1112	-2.08
-1108	-2.16
-1104	-2.16
-1100	-2.32
-1096	-2.32
-1092	-2.4
-1088	-2.48
-1084	-2.56
-1080	-2.56
-1076	-2.72
-1072	-2.72
-1068	-2.8
-1064	-2.8
-1060	-2.96
-1056	-2.96
-1052	-2.96
-1048	-3.04
-1044	-3.12
-1040	-3.12
-1036	-3.2
-1032	-3.28
-1028	-3.36
-1024	-3.36
-1020	-3.44
-1016	-3.52
-1012	-3.6
-1008	-3.6
-1004	-3.68
-1000	-3.76
-996	-3.84
-992	-3.92
-988	-4
-984	-4
-980	-4.08
-976	-4.16
-972	-4.24
-968	-4.24
-964	-4.32
-960	-4.4
-956	-4.48
-952	-4.48
-948	-4.56
-944	-4.56
-940	-4.64
-936	-4.72
-932	-4.8
-928	-4.88
-924	-4.88
-920	-4.96
-916	-5.04
-912	-5.04
-908	-5.12
-904	-5.2
-900	-5.28
-896	-5.36
-892	-5.36
-888	-5.44
-884	-5.52
-880	-5.6
-876	-5.6
-872	-5.6
-868	-5.76
-864	-5.76
-860	-5.84
-856	-5.84
-852	-5.92
-848	-6
-844	-6
-840	-6.08
-836	-6.16
-832	-6.16
-828	-6.24
-824	-6.32
-820	-6.32
-816	-6.4
-812	-6.48
-808	-6.56
-804	-6.56
-800	-6.64
-796	-6.64
-792	-6.72
-788	-6.8
-784	-6.8
-780	-6.88
-776	-6.88
-772	-6.88
-768	-7.04
-764	-7.04
-760	-7.12
-756	-7.12
-752	-7.12
-748	-7.2
-744	-7.28
-740	-7.28
-736	-7.36
-732	-7.36
-728	-7.44
-724	-7.44
-720	-7.52
-716	-7.6
-712	-7.6
-708	-7.68
-704	-7.68
-700	-7.76
-696	-7.76
-692	-7.84
-688	-7.92
-684	-7.92
-680	-7.92
-676	-8
-672	-8
-668	-8.08
-664	-8.08
-660	-8.16
-656	-8.16
-652	-8.24
-648	-8.24
-644	-8.32
-640	-8.32
-636	-8.4
-632	-8.4
-628	-8.4
-624	-8.48
-620	-8.48
-616	-8.56
-612	-8.56
-608	-8.56
-604	-8.56
-600	-8.64
-596	-8.64
-592	-8.72
-588	-8.72
-584	-8.72
-580	-8.8
-576	-8.8
-572	-8.8
-568	-8.88
-564	-8.88
-560	-8.96
-556	-9.04
-552	-8.96
-548	-8.96
-544	-9.04
-540	-9.04
-536	-9.12
-532	-9.04
-528	-9.12
-524	-9.12
-520	-9.2
-516	-9.2
-512	-9.28
-508	-9.28
-504	-9.28
-500	-9.28
-496	-9.36
-492	-9.28
-488	-9.28
-484	-9.36
-480	-9.36
-476	-9.36
-472	-9.36
-468	-9.36
-464	-9.36
-460	-9.44
-456	-9.44
-452	-9.44
-448	-9.44
-444	-9.44
-440	-9.52
-436	-9.52
-432	-9.44
-428	-9.44
-424	-9.44
-420	-9.44
-416	-9.44
-412	-9.36
-408	-9.44
-404	-9.44
-400	-9.36
-396	-9.36
-392	-9.36
-388	-9.44
-384	-9.36
-380	-9.36
-376	-9.36
-372	-9.28
-368	-9.28
-364	-9.2
-360	-9.2
-356	-9.2
-352	-9.2
-348	-9.12
-344	-9.12
-340	-9.04
-336	-9.04
-332	-9.04
-328	-8.96
-324	-8.88
-320	-8.88
-316	-8.8
-312	-8.72
-308	-8.64
-304	-8.64
-300	-8.64
-296	-8.48
-292	-8.48
-288	-8.48
-284	-8.4
-280	-8.32
-276	-8.32
-272	-8.24
-268	-8.16
-264	-8.08
-260	-8
-256	-7.92
-252	-7.84
-248	-7.76
-244	-7.68
-240	-7.6
-236	-7.44
-232	-7.36
-228	-7.28
-224	-7.2
-220	-7.12
-216	-7.04
-212	-6.96
-208	-6.88
-204	-6.72
-200	-6.64
-196	-6.56
-192	-6.48
-188	-6.32
-184	-6.24
-180	-6.16
-176	-6.08
-172	-5.92
-168	-5.84
-164	-5.68
-160	-5.6
-156	-5.44
-152	-5.36
-148	-5.2
-144	-5.12
-140	-5.04
-136	-4.88
-132	-4.72
-128	-4.56
-124	-4.56
-120	-4.4
-116	-4.24
-112	-4.16
-108	-4
-104	-3.84
-100	-3.76
-96	-3.6
-92	-3.44
-88	-3.28
-84	-3.2
-80	-3.04
-76	-2.96
-72	-2.8
-68	-2.64
-64	-2.48
-60	-2.32
-56	-2.24
-52	-2
-48	-1.92
-44	-1.76
-40	-1.6
-36	-1.52
-32	-1.36
-28	-1.28
-24	-1.04
-20	-0.96
-16	-0.8
-12	-0.64
-8	-0.48
-4	-0.24
0	-0.16
4	0
8	0.16
12	0.24
16	0.4
20	0.56
24	0.64
28	0.88
32	0.96
36	1.12
40	1.2
44	1.44
48	1.52
52	1.68
56	1.92
60	2
64	2.24
68	2.24
72	2.48
76	2.56
80	2.72
84	2.8
88	3.04
92	3.2
96	3.28
100	3.44
104	3.52
108	3.68
112	3.84
116	4
120	4.08
124	4.24
128	4.32
132	4.48
136	4.64
140	4.72
144	4.88
148	4.96
152	5.12
156	5.2
160	5.36
164	5.44
168	5.6
172	5.68
176	5.76
180	5.84
184	6
188	6.08
192	6.24
196	6.32
200	6.4
204	6.48
208	6.56
212	6.72
216	6.8
220	6.88
224	7.04
228	7.04
232	7.12
236	7.12
240	7.28
244	7.36
248	7.44
252	7.44
256	7.6
260	7.6
264	7.68
268	7.68
272	7.76
276	7.84
280	7.92
284	8
288	8
292	8.08
296	8.08
300	8.08
304	8.16
308	8.24
312	8.24
316	8.32
320	8.24
324	8.32
328	8.4
332	8.4
336	8.48
340	8.48
344	8.4
348	8.48
352	8.48
356	8.56
360	8.56
364	8.56
368	8.56
372	8.56
376	8.56
380	8.56
384	8.56
388	8.56
392	8.56
396	8.56
400	8.56
404	8.56
408	8.56
412	8.56
416	8.56
420	8.56
424	8.48
428	8.48
432	8.48
436	8.48
440	8.48
444	8.48
448	8.4
452	8.4
456	8.4
460	8.4
464	8.32
468	8.32
472	8.24
476	8.24
480	8.24
484	8.24
488	8.16
492	8.16
496	8.16
500	8.08
504	8.08
508	8.08
512	8
516	8
520	8
524	8
528	7.84
532	7.84
536	7.84
540	7.76
544	7.76
548	7.68
552	7.68
556	7.6
560	7.6
564	7.6
568	7.44
572	7.52
576	7.44
580	7.36
584	7.36
588	7.28
592	7.2
596	7.2
600	7.12
604	7.12
608	7.04
612	6.96
616	6.88
620	6.88
624	6.8
628	6.72
632	6.72
636	6.64
640	6.56
644	6.56
648	6.48
652	6.4
656	6.32
660	6.32
664	6.24
668	6.16
672	6.16
676	6.08
680	6
684	5.84
688	5.84
692	5.76
696	5.68
700	5.6
704	5.6
708	5.52
712	5.36
716	5.36
720	5.2
724	5.2
728	5.12
732	5.04
736	4.96
740	4.88
744	4.8
748	4.72
752	4.64
756	4.56
760	4.48
764	4.4
768	4.32
772	4.24
776	4.16
780	4.08
784	4
788	3.84
792	3.84
796	3.76
800	3.68
804	3.6
808	3.52
812	3.44
816	3.36
820	3.2
824	3.2
828	3.04
832	2.96
836	2.88
840	2.8
844	2.72
848	2.64
852	2.56
856	2.48
860	2.4
864	2.32
868	2.24
872	2.16
876	2.08
880	1.92
884	1.92
888	1.76
892	1.76
896	1.6
900	1.52
904	1.44
908	1.36
912	1.28
916	1.2
920	1.12
924	1.04
928	0.96
932	0.88
936	0.8
940	0.8
944	0.72
948	0.64
952	0.56
956	0.4
960	0.32
964	0.32
968	0.24
972	0.16
976	0.08
980	0.08
984	-0.08
988	-0.08
992	-0.16
996	-0.24
1000	-0.24
1004	-0.4
1008	-0.4
1012	-0.48
1016	-0.56
1020	-0.56
1024	-0.64
1028	-0.72
1032	-0.8
1036	-0.88
1040	-0.96
1044	-0.96
1048	-1.04
1052	-1.04
1056	-1.12
1060	-1.2
1064	-1.2
1068	-1.28
1072	-1.36
1076	-1.36
1080	-1.44
1084	-1.44
1088	-1.52
1092	-1.52
1096	-1.6
1100	-1.6
1104	-1.68
1108	-1.68
1112	-1.68
1116	-1.76
1120	-1.76
1124	-1.76
1128	-1.84
1132	-1.84
1136	-1.84
1140	-1.92
1144	-1.92
1148	-2
1152	-2
1156	-2
1160	-2
1164	-2
1168	-2.08
1172	-2.08
1176	-2.16
1180	-2.08
1184	-2.16
1188	-2.16
1192	-2.16
1196	-2.24
1200	-2.24
1204	-2.24
1208	-2.24
1212	-2.24
1216	-2.24
1220	-2.24
1224	-2.24
1228	-2.32
1232	-2.24
1236	-2.32
1240	-2.32
1244	-2.32
1248	-2.32
1252	-2.32
1256	-2.32
1260	-2.32
1264	-2.4
1268	-2.32
1272	-2.32
1276	-2.32
1280	-2.32
1284	-2.32
1288	-2.32
1292	-2.32
1296	-2.32
1300	-2.32
1304	-2.32
1308	-2.32
1312	-2.24
1316	-2.24
1320	-2.32
1324	-2.32
1328	-2.24
1332	-2.24
1336	-2.32
1340	-2.24
1344	-2.24
1348	-2.24
1352	-2.24
1356	-2.24
1360	-2.24
1364	-2.24
1368	-2.24
1372	-2.16
1376	-2.16
1380	-2.16
1384	-2.16
1388	-2.16
1392	-2.16
1396	-2.08
1400	-2.16
1404	-2.08
1408	-2.08
1412	-2.08
1416	-2.08
1420	-2.08
1424	-2
1428	-2
1432	-2
1436	-2
1440	-2
1444	-1.92
1448	-1.92
1452	-1.92
1456	-1.92
1460	-1.92
1464	-1.92
1468	-1.92
1472	-1.84
1476	-1.92
1480	-1.84
1484	-1.84
1488	-1.84
1492	-1.84
1496	-1.84
1500	-1.84
1504	-1.84
1508	-1.76
1512	-1.84
1516	-1.76
1520	-1.76
1524	-1.76
1528	-1.68
1532	-1.76
1536	-1.76
1540	-1.76
1544	-1.76
1548	-1.76
1552	-1.68
1556	-1.68
1560	-1.68
1564	-1.68
1568	-1.68
1572	-1.68
1576	-1.68
1580	-1.68
1584	-1.68
1588	-1.68
1592	-1.6
1596	-1.68
1600	-1.6
1604	-1.6
1608	-1.6
1612	-1.6
1616	-1.6
1620	-1.6
1624	-1.52
1628	-1.52
1632	-1.52
1636	-1.52
1640	-1.52
1644	-1.52
1648	-1.52
1652	-1.52
1656	-1.44
1660	-1.44
1664	-1.44
1668	-1.52
1672	-1.44
1676	-1.44
1680	-1.44
1684	-1.44
1688	-1.44
1692	-1.44
1696	-1.36
1700	-1.44
1704	-1.36
1708	-1.44
1712	-1.36
1716	-1.36
1720	-1.36
1724	-1.44
1728	-1.36
1732	-1.28
1736	-1.36
1740	-1.36
1744	-1.28
1748	-1.36
1752	-1.36
1756	-1.36
1760	-1.28
1764	-1.28
1768	-1.36
1772	-1.28
1776	-1.28
1780	-1.28
1784	-1.28
1788	-1.28
1792	-1.28
1796	-1.28
1800	-1.28
1804	-1.28
1808	-1.28
1812	-1.2
1816	-1.28
1820	-1.28
1824	-1.28
1828	-1.28
1832	-1.28
1836	-1.28
1840	-1.28
1844	-1.28
1848	-1.2
1852	-1.28
1856	-1.28
1860	-1.2
1864	-1.2
1868	-1.28
1872	-1.2
1876	-1.2
1880	-1.2
1884	-1.2
1888	-1.2
1892	-1.28
1896	-1.2
1900	-1.2
1904	-1.2
1908	-1.2
1912	-1.2
1916	-1.2
1920	-1.2
1924	-1.2
1928	-1.2
1932	-1.28
1936	-1.28
1940	-1.2
1944	-1.28
1948	-1.2
1952	-1.2
1956	-1.2
1960	-1.2
1964	-1.28
1968	-1.2
1972	-1.2
1976	-1.2
1980	-1.2
1984	-1.28
1988	-1.2
1992	-1.28
1996	-1.2
2000	-1.2
