-14880.95	-0.4
-14869.04524	-0.4
-14857.14048	-0.4
-14845.23572	-0.4
-14833.33096	-0.4
-14821.4262	-0.2
-14809.52144	-0.4
-14797.61668	-0.2
-14785.71192	-0.4
-14773.80716	-0.2
-14761.9024	-0.4
-14749.99764	-0.4
-14738.09288	-0.4
-14726.18812	-0.2
-14714.28336	-0.4
-14702.3786	-0.4
-14690.47384	-0.4
-14678.56908	-0.4
-14666.66432	-0.4
-14654.75956	-0.6
-14642.8548	-0.4
-14630.95004	-0.2
-14619.04528	-0.4
-14607.14052	-0.4
-14595.23576	-0.4
-14583.331	-0.4
-14571.42624	-0.2
-14559.52148	-0.4
-14547.61672	-0.2
-14535.71196	-0.2
-14523.8072	-0.4
-14511.90244	-0.4
-14499.99768	-0.4
-14488.09292	-0.2
-14476.18816	-0.4
-14464.2834	-0.4
-14452.37864	-0.4
-14440.47388	-0.4
-14428.56912	-0.2
-14416.66436	-0.4
-14404.7596	-0.4
-14392.85484	-0.4
-14380.95008	-0.4
-14369.04532	-0.4
-14357.14056	-0.4
-14345.2358	-0.4
-14333.33104	-0.6
-14321.42628	-0.2
-14309.52152	-0.4
-14297.61676	-0.4
-14285.712	-0.4
-14273.80724	-0.4
-14261.90248	-0.4
-14249.99772	-0.2
-14238.09296	-0.4
-14226.1882	-0.4
-14214.28344	-0.4
-14202.37868	-0.4
-14190.47392	-0.4
-14178.56916	-0.4
-14166.6644	-0.2
-14154.75964	-0.4
-14142.85488	-0.4
-14130.95012	-0.2
-14119.04536	-0.4
-14107.1406	-0.4
-14095.23584	-0.4
-14083.33108	-0.4
-14071.42632	-0.2
-14059.52156	-0.4
-14047.6168	-0.4
-14035.71204	-0.2
-14023.80728	-0.2
-14011.90252	-0.4
-13999.99776	-0.4
-13988.093	-0.4
-13976.18824	-0.4
-13964.28348	-0.4
-13952.37872	-0.4
-13940.47396	-0.4
-13928.5692	-0.4
-13916.66444	-0.4
-13904.75968	-0.4
-13892.85492	-0.2
-13880.95016	-0.4
-13869.0454	-0.4
-13857.14064	-0.4
-13845.23588	-0.2
-13833.33112	-0.2
-13821.42636	-0.2
-13809.5216	-0.2
-13797.61684	-0.4
-13785.71208	-0.4
-13773.80732	-0.2
-13761.90256	-0.2
-13749.9978	-0.2
-13738.09304	-0.4
-13726.18828	-0.4
-13714.28352	-0.4
-13702.37876	-0.4
-13690.474	-0.4
-13678.56924	-0.4
-13666.66448	-0.4
-13654.75972	-0.2
-13642.85496	-0.2
-13630.9502	-0.4
-13619.04544	-0.4
-13607.14068	-0.4
-13595.23592	-0.4
-13583.33116	-0.4
-13571.4264	-0.4
-13559.52164	-0.2
-13547.61688	-0.2
-13535.71212	-0.2
-13523.80736	-0.4
-13511.9026	-0.4
-13499.99784	-0.2
-13488.09308	-0.4
-13476.18832	-0.2
-13464.28356	-0.2
-13452.3788	-0.2
-13440.47404	-0.2
-13428.56928	-0.4
-13416.66452	-0.4
-13404.75976	-0.4
-13392.855	-0.4
-13380.95024	-0.2
-13369.04548	-0.4
-13357.14072	-0.2
-13345.23596	-0.4
-13333.3312	-0.2
-13321.42644	-0.4
-13309.52168	-0.2
-13297.61692	-0.2
-13285.71216	-0.4
-13273.8074	-0.2
-13261.90264	-0.2
-13249.99788	-0.4
-13238.09312	-0.2
-13226.18836	-0.4
-13214.2836	-0.2
-13202.37884	-0.4
-13190.47408	-0.4
-13178.56932	-0.4
-13166.66456	-0.4
-13154.7598	-0.2
-13142.85504	-0.2
-13130.95028	-0.2
-13119.04552	-0.2
-13107.14076	0
-13095.236	-0.2
-13083.33124	-0.2
-13071.42648	-0.2
-13059.52172	-0.2
-13047.61696	-0.2
-13035.7122	-0.2
-13023.80744	-0.2
-13011.90268	-0.2
-12999.99792	-0.4
-12988.09316	-0.4
-12976.1884	-0.2
-12964.28364	-0.2
-12952.37888	-0.2
-12940.47412	-0.2
-12928.56936	-0.4
-12916.6646	0
-12904.75984	-0.2
-12892.85508	-0.2
-12880.95032	-0.4
-12869.04556	-0.2
-12857.1408	-0.2
-12845.23604	-0.4
-12833.33128	-0.2
-12821.42652	-0.2
-12809.52176	-0.4
-12797.617	-0.4
-12785.71224	-0.2
-12773.80748	-0.2
-12761.90272	-0.2
-12749.99796	-0.2
-12738.0932	-0.2
-12726.18844	-0.4
-12714.28368	-0.2
-12702.37892	-0.4
-12690.47416	-0.2
-12678.5694	-0.2
-12666.66464	-0.4
-12654.75988	-0.4
-12642.85512	-0.4
-12630.95036	-0.4
-12619.0456	-0.2
-12607.14084	-0.2
-12595.23608	-0.2
-12583.33132	-0.2
-12571.42656	-0.2
-12559.5218	-0.2
-12547.61704	-0.4
-12535.71228	-0.2
-12523.80752	-0.2
-12511.90276	-0.2
-12499.998	-0.2
-12488.09324	-0.2
-12476.18848	-0.2
-12464.28372	-0.2
-12452.37896	-0.4
-12440.4742	-0.2
-12428.56944	-0.4
-12416.66468	-0.2
-12404.75992	-0.2
-12392.85516	-0.2
-12380.9504	-0.2
-12369.04564	-0.2
-12357.14088	-0.2
-12345.23612	-0.4
-12333.33136	-0.2
-12321.4266	0
-12309.52184	-0.4
-12297.61708	-0.2
-12285.71232	-0.2
-12273.80756	-0.2
-12261.9028	-0.2
-12249.99804	-0.2
-12238.09328	0
-12226.18852	-0.2
-12214.28376	-0.2
-12202.379	-0.2
-12190.47424	-0.2
-12178.56948	0
-12166.66472	-0.2
-12154.75996	-0.2
-12142.8552	-0.2
-12130.95044	-0.2
-12119.04568	-0.2
-12107.14092	-0.2
-12095.23616	-0.2
-12083.3314	-0.2
-12071.42664	-0.2
-12059.52188	-0.2
-12047.61712	-0.2
-12035.71236	-0.2
-12023.8076	-0.2
-12011.90284	-0.2
-11999.99808	-0.2
-11988.09332	-0.2
-11976.18856	-0.2
-11964.2838	0
-11952.37904	-0.2
-11940.47428	-0.2
-11928.56952	-0.2
-11916.66476	-0.4
-11904.76	-0.2
-11892.85524	-0.2
-11880.95048	-0.2
-11869.04572	-0.2
-11857.14096	-0.2
-11845.2362	-0.2
-11833.33144	-0.2
-11821.42668	-0.2
-11809.52192	-0.2
-11797.61716	-0.2
-11785.7124	0
-11773.80764	-0.2
-11761.90288	-0.4
-11749.99812	-0.2
-11738.09336	-0.2
-11726.1886	-0.2
-11714.28384	0
-11702.37908	-0.2
-11690.47432	-0.4
-11678.56956	-0.2
-11666.6648	-0.4
-11654.76004	-0.2
-11642.85528	-0.2
-11630.95052	0
-11619.04576	-0.2
-11607.141	0
-11595.23624	-0.2
-11583.33148	0
-11571.42672	-0.4
-11559.52196	-0.2
-11547.6172	-0.2
-11535.71244	-0.4
-11523.80768	-0.2
-11511.90292	-0.2
-11499.99816	-0.2
-11488.0934	-0.2
-11476.18864	-0.2
-11464.28388	-0.2
-11452.37912	-0.2
-11440.47436	-0.2
-11428.5696	0
-11416.66484	-0.4
-11404.76008	-0.2
-11392.85532	-0.2
-11380.95056	-0.2
-11369.0458	0
-11357.14104	-0.2
-11345.23628	-0.2
-11333.33152	-0.2
-11321.42676	-0.2
-11309.522	0
-11297.61724	-0.2
-11285.71248	-0.2
-11273.80772	-0.2
-11261.90296	-0.2
-11249.9982	-0.2
-11238.09344	0
-11226.18868	0
-11214.28392	-0.2
-11202.37916	-0.4
-11190.4744	-0.2
-11178.56964	0
-11166.66488	-0.2
-11154.76012	-0.2
-11142.85536	-0.2
-11130.9506	-0.2
-11119.04584	0
-11107.14108	0
-11095.23632	-0.2
-11083.33156	-0.2
-11071.4268	-0.2
-11059.52204	-0.2
-11047.61728	-0.2
-11035.71252	0
-11023.80776	0
-11011.903	-0.2
-10999.99824	-0.4
-10988.09348	0
-10976.18872	-0.2
-10964.28396	-0.2
-10952.3792	-0.2
-10940.47444	-0.2
-10928.56968	-0.2
-10916.66492	-0.2
-10904.76016	0
-10892.8554	0
-10880.95064	0
-10869.04588	-0.2
-10857.14112	-0.4
-10845.23636	-0.2
-10833.3316	-0.2
-10821.42684	-0.2
-10809.52208	-0.4
-10797.61732	-0.4
-10785.71256	-0.2
-10773.8078	-0.2
-10761.90304	-0.2
-10749.99828	-0.2
-10738.09352	0
-10726.18876	0
-10714.284	0
-10702.37924	-0.2
-10690.47448	-0.2
-10678.56972	-0.2
-10666.66496	-0.2
-10654.7602	0
-10642.85544	-0.2
-10630.95068	-0.2
-10619.04592	-0.2
-10607.14116	-0.2
-10595.2364	-0.4
-10583.33164	-0.4
-10571.42688	-0.2
-10559.52212	-0.2
-10547.61736	-0.2
-10535.7126	-0.2
-10523.80784	0
-10511.90308	0
-10499.99832	-0.2
-10488.09356	-0.2
-10476.1888	0
-10464.28404	-0.2
-10452.37928	-0.2
-10440.47452	-0.2
-10428.56976	-0.2
-10416.665	-0.2
-10404.76024	-0.2
-10392.85548	-0.2
-10380.95072	-0.4
-10369.04596	-0.2
-10357.1412	-0.2
-10345.23644	-0.2
-10333.33168	-0.2
-10321.42692	-0.4
-10309.52216	0
-10297.6174	0
-10285.71264	0
-10273.80788	0
-10261.90312	-0.2
-10249.99836	0
-10238.0936	-0.2
-10226.18884	-0.2
-10214.28408	-0.2
-10202.37932	-0.2
-10190.47456	-0.2
-10178.5698	0
-10166.66504	-0.2
-10154.76028	-0.2
-10142.85552	-0.2
-10130.95076	0
-10119.046	-0.2
-10107.14124	-0.2
-10095.23648	-0.2
-10083.33172	-0.2
-10071.42696	-0.2
-10059.5222	-0.2
-10047.61744	0
-10035.71268	-0.2
-10023.80792	-0.2
-10011.90316	-0.2
-9999.9984	0
-9988.09364	0
-9976.18888	-0.2
-9964.28412	0
-9952.37936	-0.2
-9940.4746	0
-9928.56984	-0.4
-9916.66508	-0.2
-9904.76032	0
-9892.85556	0
-9880.9508	0
-9869.04604	-0.4
-9857.14128	-0.2
-9845.23652	-0.4
-9833.33176	-0.2
-9821.427	0
-9809.52224	0
-9797.61748	0
-9785.71272	-0.2
-9773.80796	0
-9761.9032	-0.2
-9749.99844	-0.2
-9738.09368	0
-9726.18892	-0.2
-9714.28416	-0.2
-9702.3794	-0.2
-9690.47464	-0.2
-9678.56988	0
-9666.66512	-0.4
-9654.76036	-0.2
-9642.8556	-0.2
-9630.95084	-0.2
-9619.04608	0
-9607.14132	0
-9595.23656	-0.2
-9583.3318	-0.2
-9571.42704	-0.2
-9559.52228	0.2
-9547.61752	-0.2
-9535.71276	-0.2
-9523.808	0
-9511.90324	0
-9499.99848	-0.2
-9488.09372	-0.2
-9476.18896	-0.2
-9464.2842	0
-9452.37944	-0.2
-9440.47468	-0.2
-9428.56992	-0.2
-9416.66516	-0.2
-9404.7604	-0.2
-9392.85564	-0.2
-9380.95088	-0.2
-9369.04612	0
-9357.14136	-0.2
-9345.2366	-0.2
-9333.33184	-0.2
-9321.42708	0
-9309.52232	0
-9297.61756	-0.2
-9285.7128	-0.2
-9273.80804	0
-9261.90328	-0.2
-9249.99852	0
-9238.09376	-0.2
-9226.189	-0.2
-9214.28424	-0.2
-9202.37948	-0.2
-9190.47472	-0.2
-9178.56996	-0.2
-9166.6652	-0.4
-9154.76044	-0.2
-9142.85568	0
-9130.95092	-0.2
-9119.04616	-0.2
-9107.1414	0
-9095.23664	-0.2
-9083.33188	-0.2
-9071.42712	0
-9059.52236	-0.2
-9047.6176	-0.2
-9035.71284	0
-9023.80808	-0.2
-9011.90332	-0.2
-8999.99856	-0.2
-8988.0938	0
-8976.18904	-0.2
-8964.28428	-0.2
-8952.37952	-0.2
-8940.47476	0
-8928.57	0
-8916.66524	-0.2
-8904.76048	-0.2
-8892.85572	0
-8880.95096	0
-8869.0462	0
-8857.14144	-0.2
-8845.23668	0
-8833.33192	-0.2
-8821.42716	-0.2
-8809.5224	0
-8797.61764	0
-8785.71288	-0.2
-8773.80812	-0.2
-8761.90336	0
-8749.9986	-0.2
-8738.09384	-0.2
-8726.18908	0
-8714.28432	-0.2
-8702.37956	-0.2
-8690.4748	-0.2
-8678.57004	0
-8666.66528	-0.2
-8654.76052	0
-8642.85576	-0.2
-8630.951	-0.2
-8619.04624	0
-8607.14148	0
-8595.23672	0
-8583.33196	-0.2
-8571.4272	-0.2
-8559.52244	-0.2
-8547.61768	-0.2
-8535.71292	-0.2
-8523.80816	-0.2
-8511.9034	0
-8499.99864	-0.2
-8488.09388	-0.2
-8476.18912	0
-8464.28436	-0.2
-8452.3796	0
-8440.47484	0
-8428.57008	0
-8416.66532	0
-8404.76056	0
-8392.8558	0
-8380.95104	-0.2
-8369.04628	0
-8357.14152	0
-8345.23676	-0.2
-8333.332	-0.2
-8321.42724	-0.2
-8309.52248	-0.2
-8297.61772	-0.2
-8285.71296	-0.2
-8273.8082	-0.2
-8261.90344	-0.2
-8249.99868	-0.2
-8238.09392	-0.2
-8226.18916	0
-8214.2844	-0.2
-8202.37964	0
-8190.47488	0
-8178.57012	0
-8166.66536	0
-8154.7606	0
-8142.85584	0
-8130.95108	0
-8119.04632	-0.2
-8107.14156	-0.2
-8095.2368	0
-8083.33204	0
-8071.42728	-0.2
-8059.52252	0
-8047.61776	0
-8035.713	0
-8023.80824	0
-8011.90348	-0.2
-7999.99872	-0.2
-7988.09396	0
-7976.1892	0
-7964.28444	-0.2
-7952.37968	0
-7940.47492	-0.2
-7928.57016	0
-7916.6654	-0.2
-7904.76064	-0.2
-7892.85588	-0.2
-7880.95112	-0.2
-7869.04636	0
-7857.1416	0
-7845.23684	-0.2
-7833.33208	-0.2
-7821.42732	0
-7809.52256	0
-7797.6178	0
-7785.71304	0
-7773.80828	0
-7761.90352	0
-7749.99876	-0.2
-7738.094	-0.2
-7726.18924	0
-7714.28448	0
-7702.37972	-0.2
-7690.47496	0
-7678.5702	-0.2
-7666.66544	0
-7654.76068	-0.2
-7642.85592	-0.2
-7630.95116	0
-7619.0464	0
-7607.14164	0
-7595.23688	-0.2
-7583.33212	-0.2
-7571.42736	-0.2
-7559.5226	-0.2
-7547.61784	0
-7535.71308	-0.2
-7523.80832	0
-7511.90356	0
-7499.9988	-0.2
-7488.09404	-0.2
-7476.18928	-0.2
-7464.28452	-0.2
-7452.37976	0
-7440.475	0
-7428.57024	0
-7416.66548	0
-7404.76072	0
-7392.85596	0
-7380.9512	0
-7369.04644	0
-7357.14168	0
-7345.23692	-0.2
-7333.33216	0
-7321.4274	-0.2
-7309.52264	0
-7297.61788	0
-7285.71312	-0.2
-7273.80836	0
-7261.9036	0
-7249.99884	0
-7238.09408	-0.2
-7226.18932	0
-7214.28456	0
-7202.3798	0
-7190.47504	0
-7178.57028	0
-7166.66552	0
-7154.76076	0
-7142.856	0
-7130.95124	-0.2
-7119.04648	0
-7107.14172	0
-7095.23696	0
-7083.3322	0
-7071.42744	0
-7059.52268	0
-7047.61792	0
-7035.71316	0
-7023.8084	0
-7011.90364	-0.2
-6999.99888	0
-6988.09412	-0.2
-6976.18936	0
-6964.2846	0
-6952.37984	0
-6940.47508	0
-6928.57032	-0.2
-6916.66556	-0.2
-6904.7608	0.2
-6892.85604	0
-6880.95128	-0.2
-6869.04652	0.2
-6857.14176	0
-6845.237	-0.2
-6833.33224	-0.2
-6821.42748	0
-6809.52272	-0.2
-6797.61796	0
-6785.7132	0
-6773.80844	0
-6761.90368	0
-6749.99892	0
-6738.09416	0
-6726.1894	0
-6714.28464	0.2
-6702.37988	0
-6690.47512	0.2
-6678.57036	0.2
-6666.6656	0
-6654.76084	0
-6642.85608	0
-6630.95132	0.2
-6619.04656	0
-6607.1418	0
-6595.23704	0
-6583.33228	-0.2
-6571.42752	0
-6559.52276	-0.2
-6547.618	0
-6535.71324	0
-6523.80848	0
-6511.90372	0
-6499.99896	0
-6488.0942	0
-6476.18944	0
-6464.28468	-0.2
-6452.37992	0
-6440.47516	0
-6428.5704	0
-6416.66564	0
-6404.76088	0
-6392.85612	0
-6380.95136	0
-6369.0466	-0.2
-6357.14184	0
-6345.23708	0.2
-6333.33232	0
-6321.42756	0
-6309.5228	0
-6297.61804	0
-6285.71328	0
-6273.80852	0
-6261.90376	0
-6249.999	0
-6238.09424	0
-6226.18948	0
-6214.28472	-0.2
-6202.37996	0
-6190.4752	0.2
-6178.57044	0
-6166.66568	0
-6154.76092	0
-6142.85616	0
-6130.9514	0
-6119.04664	0
-6107.14188	0
-6095.23712	0
-6083.33236	0
-6071.4276	0
-6059.52284	0
-6047.61808	0
-6035.71332	0
-6023.80856	0
-6011.9038	0
-5999.99904	0
-5988.09428	0.2
-5976.18952	0.2
-5964.28476	0
-5952.38	0
-5940.47524	0
-5928.57048	0
-5916.66572	0
-5904.76096	0
-5892.8562	0
-5880.95144	0
-5869.04668	0
-5857.14192	0
-5845.23716	0.2
-5833.3324	0
-5821.42764	0
-5809.52288	0
-5797.61812	0.2
-5785.71336	0.2
-5773.8086	0
-5761.90384	0.2
-5749.99908	0
-5738.09432	0
-5726.18956	0
-5714.2848	0
-5702.38004	-0.2
-5690.47528	0
-5678.57052	0
-5666.66576	0
-5654.761	0
-5642.85624	0
-5630.95148	0
-5619.04672	0
-5607.14196	0
-5595.2372	0
-5583.33244	0
-5571.42768	0
-5559.52292	0.2
-5547.61816	0
-5535.7134	0
-5523.80864	0.2
-5511.90388	0
-5499.99912	-0.2
-5488.09436	0
-5476.1896	0
-5464.28484	0
-5452.38008	-0.2
-5440.47532	0
-5428.57056	0
-5416.6658	0
-5404.76104	0
-5392.85628	0
-5380.95152	0
-5369.04676	0
-5357.142	0
-5345.23724	-0.2
-5333.33248	-0.2
-5321.42772	-0.2
-5309.52296	0
-5297.6182	0
-5285.71344	0
-5273.80868	0
-5261.90392	-0.2
-5249.99916	0
-5238.0944	0
-5226.18964	0.2
-5214.28488	-0.2
-5202.38012	0
-5190.47536	0
-5178.5706	0
-5166.66584	-0.2
-5154.76108	0
-5142.85632	0.2
-5130.95156	0
-5119.0468	0
-5107.14204	-0.2
-5095.23728	0.2
-5083.33252	0.2
-5071.42776	0
-5059.523	0
-5047.61824	0
-5035.71348	0
-5023.80872	0
-5011.90396	0
-4999.9992	0
-4988.09444	0
-4976.18968	-0.2
-4964.28492	0
-4952.38016	0.2
-4940.4754	0
-4928.57064	0.2
-4916.66588	0.2
-4904.76112	0
-4892.85636	-0.2
-4880.9516	0
-4869.04684	0
-4857.14208	-0.2
-4845.23732	0
-4833.33256	0
-4821.4278	0.2
-4809.52304	0
-4797.61828	0
-4785.71352	0.2
-4773.80876	0
-4761.904	0
-4749.99924	0.2
-4738.09448	0
-4726.18972	0
-4714.28496	-0.2
-4702.3802	0
-4690.47544	0
-4678.57068	0
-4666.66592	-0.2
-4654.76116	-0.2
-4642.8564	0
-4630.95164	0
-4619.04688	0
-4607.14212	0
-4595.23736	0
-4583.3326	0
-4571.42784	0
-4559.52308	0
-4547.61832	0
-4535.71356	0
-4523.8088	0
-4511.90404	0
-4499.99928	0
-4488.09452	0
-4476.18976	-0.2
-4464.285	0
-4452.38024	0
-4440.47548	-0.2
-4428.57072	0
-4416.66596	0
-4404.7612	0
-4392.85644	0
-4380.95168	0
-4369.04692	0
-4357.14216	-0.2
-4345.2374	-0.2
-4333.33264	0
-4321.42788	0
-4309.52312	-0.2
-4297.61836	-0.2
-4285.7136	0
-4273.80884	0
-4261.90408	0
-4249.99932	-0.2
-4238.09456	0
-4226.1898	-0.2
-4214.28504	-0.2
-4202.38028	-0.2
-4190.47552	-0.2
-4178.57076	0
-4166.666	-0.2
-4154.76124	-0.2
-4142.85648	-0.2
-4130.95172	-0.2
-4119.04696	-0.4
-4107.1422	0
-4095.23744	-0.2
-4083.33268	-0.2
-4071.42792	0
-4059.52316	0
-4047.6184	0
-4035.71364	-0.2
-4023.80888	0
-4011.90412	0
-3999.99936	-0.2
-3988.0946	0
-3976.18984	-0.2
-3964.28508	0
-3952.38032	-0.2
-3940.47556	0
-3928.5708	0
-3916.66604	-0.2
-3904.76128	-0.2
-3892.85652	0
-3880.95176	-0.2
-3869.047	-0.2
-3857.14224	-0.2
-3845.23748	-0.2
-3833.33272	-0.2
-3821.42796	-0.2
-3809.5232	-0.2
-3797.61844	-0.2
-3785.71368	-0.2
-3773.80892	-0.2
-3761.90416	-0.2
-3749.9994	-0.2
-3738.09464	0
-3726.18988	-0.2
-3714.28512	-0.2
-3702.38036	-0.2
-3690.4756	-0.2
-3678.57084	-0.2
-3666.66608	-0.2
-3654.76132	-0.4
-3642.85656	-0.2
-3630.9518	-0.4
-3619.04704	-0.2
-3607.14228	-0.4
-3595.23752	-0.2
-3583.33276	-0.2
-3571.428	-0.4
-3559.52324	-0.2
-3547.61848	-0.2
-3535.71372	-0.2
-3523.80896	-0.4
-3511.9042	-0.4
-3499.99944	-0.2
-3488.09468	-0.2
-3476.18992	-0.4
-3464.28516	-0.4
-3452.3804	-0.2
-3440.47564	-0.2
-3428.57088	-0.4
-3416.66612	-0.4
-3404.76136	-0.2
-3392.8566	-0.4
-3380.95184	-0.4
-3369.04708	-0.6
-3357.14232	-0.4
-3345.23756	-0.4
-3333.3328	-0.6
-3321.42804	-0.4
-3309.52328	-0.4
-3297.61852	-0.4
-3285.71376	-0.4
-3273.809	-0.4
-3261.90424	-0.2
-3249.99948	-0.4
-3238.09472	-0.4
-3226.18996	-0.4
-3214.2852	-0.4
-3202.38044	-0.4
-3190.47568	-0.4
-3178.57092	-0.4
-3166.66616	-0.2
-3154.7614	-0.4
-3142.85664	-0.4
-3130.95188	-0.4
-3119.04712	-0.4
-3107.14236	-0.4
-3095.2376	-0.4
-3083.33284	-0.4
-3071.42808	-0.4
-3059.52332	-0.4
-3047.61856	-0.4
-3035.7138	-0.4
-3023.80904	-0.4
-3011.90428	-0.4
-2999.99952	-0.4
-2988.09476	-0.4
-2976.19	-0.6
-2964.28524	-0.4
-2952.38048	-0.4
-2940.47572	-0.4
-2928.57096	-0.4
-2916.6662	-0.4
-2904.76144	-0.4
-2892.85668	-0.6
-2880.95192	-0.6
-2869.04716	-0.4
-2857.1424	-0.6
-2845.23764	-0.4
-2833.33288	-0.4
-2821.42812	-0.4
-2809.52336	-0.6
-2797.6186	-0.6
-2785.71384	-0.6
-2773.80908	-0.6
-2761.90432	-0.6
-2749.99956	-0.6
-2738.0948	-0.8
-2726.19004	-0.6
-2714.28528	-0.6
-2702.38052	-0.6
-2690.47576	-0.4
-2678.571	-0.4
-2666.66624	-0.6
-2654.76148	-0.6
-2642.85672	-0.8
-2630.95196	-0.6
-2619.0472	-0.4
-2607.14244	-0.8
-2595.23768	-0.6
-2583.33292	-0.6
-2571.42816	-0.6
-2559.5234	-0.8
-2547.61864	-0.6
-2535.71388	-0.4
-2523.80912	-0.6
-2511.90436	-0.8
-2499.9996	-0.6
-2488.09484	-0.6
-2476.19008	-0.6
-2464.28532	-0.6
-2452.38056	-0.6
-2440.4758	-0.6
-2428.57104	-0.6
-2416.66628	-0.8
-2404.76152	-0.6
-2392.85676	-0.6
-2380.952	-0.6
-2369.04724	-0.6
-2357.14248	-0.8
-2345.23772	-0.6
-2333.33296	-0.6
-2321.4282	-0.6
-2309.52344	-0.6
-2297.61868	-0.8
-2285.71392	-0.6
-2273.80916	-0.4
-2261.9044	-0.4
-2249.99964	-0.6
-2238.09488	-0.6
-2226.19012	-0.6
-2214.28536	-0.4
-2202.3806	-0.6
-2190.47584	-0.6
-2178.57108	-0.4
-2166.66632	-0.6
-2154.76156	-0.6
-2142.8568	-0.4
-2130.95204	-0.4
-2119.04728	-0.4
-2107.14252	-0.4
-2095.23776	-0.4
-2083.333	-0.2
-2071.42824	-0.4
-2059.52348	-0.4
-2047.61872	-0.2
-2035.71396	-0.4
-2023.8092	-0.4
-2011.90444	-0.2
-1999.99968	0
-1988.09492	-0.2
-1976.19016	0
-1964.2854	0
-1952.38064	0.2
-1940.47588	-0.2
-1928.57112	0
-1916.66636	0.2
-1904.7616	0.2
-1892.85684	0
-1880.95208	0.2
-1869.04732	0.4
-1857.14256	0.2
-1845.2378	0.2
-1833.33304	0.6
-1821.42828	0.6
-1809.52352	0.4
-1797.61876	0.6
-1785.714	0.8
-1773.80924	0.8
-1761.90448	0.8
-1749.99972	0.8
-1738.09496	1
-1726.1902	1.2
-1714.28544	1
-1702.38068	1.2
-1690.47592	1.4
-1678.57116	1.4
-1666.6664	1.6
-1654.76164	1.6
-1642.85688	1.8
-1630.95212	1.8
-1619.04736	1.8
-1607.1426	2
-1595.23784	2.2
-1583.33308	2.2
-1571.42832	2.4
-1559.52356	2.6
-1547.6188	2.4
-1535.71404	2.8
-1523.80928	2.8
-1511.90452	3
-1499.99976	3
-1488.095	3.2
-1476.19024	3.6
-1464.28548	3.6
-1452.38072	3.8
-1440.47596	4
-1428.5712	4.2
-1416.66644	4.2
-1404.76168	4.4
-1392.85692	4.6
-1380.95216	4.8
-1369.0474	5
-1357.14264	5
-1345.23788	5.2
-1333.33312	5.4
-1321.42836	5.6
-1309.5236	5.6
-1297.61884	5.8
-1285.71408	6.4
-1273.80932	6.4
-1261.90456	6.4
-1249.9998	6.8
-1238.09504	6.8
-1226.19028	7
-1214.28552	7.2
-1202.38076	7.4
-1190.476	7.6
-1178.57124	8
-1166.66648	8
-1154.76172	8.2
-1142.85696	8.6
-1130.9522	8.4
-1119.04744	8.8
-1107.14268	8.8
-1095.23792	9.2
-1083.33316	9.2
-1071.4284	9.4
-1059.52364	9.6
-1047.61888	9.8
-1035.71412	9.8
-1023.80936	10.2
-1011.9046	10.2
-999.99984	10.4
-988.09508	10.6
-976.19032	10.6
-964.28556	10.8
-952.3808	10.8
-940.47604	11
-928.57128	11.2
-916.66652	11.2
-904.76176	11.4
-892.857	11.6
-880.95224	12
-869.04748	12
-857.14272	12
-845.23796	12
-833.3332	12.2
-821.42844	12.4
-809.52368	12
-797.61892	12.4
-785.71416	12.4
-773.8094	12.4
-761.90464	12.4
-749.99988	12.6
-738.09512	12.4
-726.19036	12.6
-714.2856	12.6
-702.38084	12.4
-690.47608	12.6
-678.57132	12.4
-666.66656	12.4
-654.7618	12.4
-642.85704	12.4
-630.95228	12.4
-619.04752	12.4
-607.14276	12.2
-595.238	12.2
-583.33324	12
-571.42848	12
-559.52372	12
-547.61896	11.8
-535.7142	11.6
-523.80944	11.6
-511.90468	11.4
-499.99992	11.6
-488.09516	11.2
-476.1904	11
-464.28564	11
-452.38088	10.8
-440.47612	10.8
-428.57136	10.4
-416.6666	10.2
-404.76184	10.2
-392.85708	10
-380.95232	9.8
-369.04756	9.4
-357.1428	9.2
-345.23804	9.2
-333.33328	8.8
-321.42852	8.8
-309.52376	8.6
-297.619	8.2
-285.71424	8
-273.80948	7.8
-261.90472	7.4
-249.99996	7.2
-238.0952	7
-226.19044	6.8
-214.28568	6.6
-202.38092	6.4
-190.47616	5.8
-178.5714	5.6
-166.66664	5.4
-154.76188	5
-142.85712	4.6
-130.95236	4.4
-119.0476	4.2
-107.14284	4
-95.23808	3.6
-83.33332	3.4
-71.42856	3
-59.5238	2.8
-47.61904	2.4
-35.71428	2.2
-23.80952	1.6
-11.90476	1.6
0	1.4
11.90476	1
23.80952	0.6
35.71428	0.2
47.61904	-0.2
59.5238	-0.4
71.42856	-0.6
83.33332	-1
95.23808	-1.2
107.14284	-1.6
119.0476	-1.8
130.95236	-2.2
142.85712	-2.6
154.76188	-2.8
166.66664	-3.2
178.5714	-3.4
190.47616	-3.8
202.38092	-3.8
214.28568	-4.4
226.19044	-4.8
238.0952	-5
249.99996	-5
261.90472	-5.2
273.80948	-5.6
285.71424	-5.8
297.619	-6
309.52376	-6.2
321.42852	-6.4
333.33328	-7
345.23804	-7.2
357.1428	-7.4
369.04756	-7.6
380.95232	-7.8
392.85708	-8
404.76184	-8.2
416.6666	-8.4
428.57136	-8.8
440.47612	-8.6
452.38088	-8.8
464.28564	-9.2
476.1904	-9.2
488.09516	-9.4
499.99992	-9.4
511.90468	-9.6
523.80944	-9.8
535.7142	-10
547.61896	-10
559.52372	-10.2
571.42848	-10.2
583.33324	-10.4
595.238	-10.2
607.14276	-10.4
619.04752	-10.6
630.95228	-10.6
642.85704	-10.4
654.7618	-10.6
666.66656	-10.6
678.57132	-10.6
690.47608	-10.4
702.38084	-10.4
714.2856	-10.4
726.19036	-10.4
738.09512	-10.4
749.99988	-10.2
761.90464	-10.2
773.8094	-9.8
785.71416	-10
797.61892	-9.8
809.52368	-10
821.42844	-9.8
833.3332	-9.2
845.23796	-9.2
857.14272	-9.2
869.04748	-9
880.95224	-8.6
892.857	-8.6
904.76176	-8.4
916.66652	-8.4
928.57128	-8
940.47604	-7.8
952.3808	-7.4
964.28556	-7.4
976.19032	-7
988.09508	-6.8
999.99984	-6.8
1011.9046	-6.4
1023.80936	-6.4
1035.71412	-6
1047.61888	-5.6
1059.52364	-5.4
1071.4284	-5
1083.33316	-5
1095.23792	-4.6
1107.14268	-4.4
1119.04744	-4
1130.9522	-4
1142.85696	-3.6
1154.76172	-3.2
1166.66648	-3.2
1178.57124	-2.8
1190.476	-2.4
1202.38076	-2.2
1214.28552	-2
1226.19028	-1.8
1238.09504	-1.6
1249.9998	-1.2
1261.90456	-1
1273.80932	-0.6
1285.71408	-0.6
1297.61884	-0.4
1309.5236	0
1321.42836	0.2
1333.33312	0.2
1345.23788	0.4
1357.14264	0.8
1369.0474	0.8
1380.95216	1.4
1392.85692	1.4
1404.76168	1.6
1416.66644	1.8
1428.5712	1.8
1440.47596	2
1452.38072	2
1464.28548	2.4
1476.19024	2.6
1488.095	2.6
1499.99976	2.6
1511.90452	2.8
1523.80928	3
1535.71404	3.2
1547.6188	3.2
1559.52356	3.2
1571.42832	3.6
1583.33308	3.6
1595.23784	3.6
1607.1426	4
1619.04736	3.8
1630.95212	4
1642.85688	4.2
1654.76164	4.2
1666.6664	4.2
1678.57116	4.2
1690.47592	4.2
1702.38068	4.2
1714.28544	4.4
1726.1902	4.4
1738.09496	4.4
1749.99972	4.6
1761.90448	4.6
1773.80924	4.8
1785.714	4.6
1797.61876	4.8
1809.52352	4.6
1821.42828	4.6
1833.33304	4.8
1845.2378	4.8
1857.14256	4.8
1869.04732	4.8
1880.95208	4.8
1892.85684	4.8
1904.7616	4.8
1916.66636	4.8
1928.57112	4.8
1940.47588	4.8
1952.38064	4.6
1964.2854	4.8
1976.19016	4.8
1988.09492	4.8
1999.99968	4.8
2011.90444	4.8
2023.8092	4.8
2035.71396	4.8
2047.61872	4.6
2059.52348	4.8
2071.42824	4.8
2083.333	4.6
2095.23776	4.6
2107.14252	4.8
2119.04728	4.8
2130.95204	4.8
2142.8568	4.6
2154.76156	4.4
2166.66632	4.4
2178.57108	4.6
2190.47584	4.6
2202.3806	4.4
2214.28536	4.4
2226.19012	4.4
2238.09488	4.6
2249.99964	4.4
2261.9044	4.4
2273.80916	4.4
2285.71392	4.4
2297.61868	4.2
2309.52344	4.4
2321.4282	4.2
2333.33296	4.2
2345.23772	4.2
2357.14248	4.2
2369.04724	4.4
2380.952	4.2
2392.85676	4
2404.76152	4
2416.66628	4.2
2428.57104	4.2
2440.4758	4.2
2452.38056	4
2464.28532	4.2
2476.19008	4
2488.09484	4
2499.9996	3.8
2511.90436	4
2523.80912	3.8
2535.71388	3.8
2547.61864	3.8
2559.5234	3.8
2571.42816	3.8
2583.33292	3.8
2595.23768	3.8
2607.14244	3.6
2619.0472	4
2630.95196	3.8
2642.85672	3.6
2654.76148	3.6
2666.66624	3.6
2678.571	3.6
2690.47576	3.6
2702.38052	3.6
2714.28528	3.6
2726.19004	3.6
2738.0948	3.4
2749.99956	3.6
2761.90432	3.4
2773.80908	3.4
2785.71384	3.6
2797.6186	3.2
2809.52336	3.4
2821.42812	3.4
2833.33288	3.2
2845.23764	3.2
2857.1424	3.4
2869.04716	3.4
2880.95192	3.2
2892.85668	3.2
2904.76144	3
2916.6662	3.4
2928.57096	3.2
2940.47572	3.2
2952.38048	3
2964.28524	3.2
2976.19	3.2
2988.09476	3
2999.99952	3
3011.90428	3.2
3023.80904	3
3035.7138	2.8
3047.61856	3.2
3059.52332	3
3071.42808	3
3083.33284	3
3095.2376	3
3107.14236	3
3119.04712	3
3130.95188	2.8
3142.85664	2.8
3154.7614	2.8
3166.66616	2.8
3178.57092	3
3190.47568	3
3202.38044	2.8
3214.2852	2.8
3226.18996	2.8
3238.09472	3
3249.99948	2.8
3261.90424	3
3273.809	2.8
3285.71376	2.8
3297.61852	2.8
3309.52328	2.8
3321.42804	2.8
3333.3328	2.8
3345.23756	2.8
3357.14232	2.8
3369.04708	2.8
3380.95184	2.6
3392.8566	2.8
3404.76136	2.6
3416.66612	2.6
3428.57088	2.8
3440.47564	2.6
3452.3804	2.6
3464.28516	2.6
3476.18992	2.6
3488.09468	2.8
3499.99944	2.6
3511.9042	2.6
3523.80896	2.6
3535.71372	2.6
3547.61848	2.6
3559.52324	2.8
3571.428	2.6
3583.33276	2.6
3595.23752	2.8
3607.14228	2.6
3619.04704	2.6
3630.9518	2.8
3642.85656	3
3654.76132	2.6
3666.66608	2.6
3678.57084	2.4
3690.4756	2.6
3702.38036	2.6
3714.28512	2.6
3726.18988	2.6
3738.09464	2.6
3749.9994	2.4
3761.90416	2.4
3773.80892	2.6
3785.71368	2.6
3797.61844	2.4
3809.5232	2.6
3821.42796	2.6
3833.33272	2.6
3845.23748	2.4
3857.14224	2.4
3869.047	2.4
3880.95176	2.4
3892.85652	2.4
3904.76128	2.6
3916.66604	2.6
3928.5708	2.6
3940.47556	2.6
3952.38032	2.6
3964.28508	2.6
3976.18984	2.4
3988.0946	2.8
3999.99936	2.4
4011.90412	2.4
4023.80888	2.8
4035.71364	2.6
4047.6184	2.6
4059.52316	2.6
4071.42792	2.4
4083.33268	2.6
4095.23744	2.8
4107.1422	2.4
4119.04696	2.6
4130.95172	2.6
4142.85648	2.4
4154.76124	2.4
4166.666	2.6
4178.57076	2.6
4190.47552	2.6
4202.38028	2.6
4214.28504	2.4
4226.1898	2.6
4238.09456	2.4
4249.99932	2.6
4261.90408	2.4
4273.80884	2.4
4285.7136	2.4
4297.61836	2.4
4309.52312	2.4
4321.42788	2.6
4333.33264	2.4
4345.2374	2.4
4357.14216	2.6
4369.04692	2.4
4380.95168	2.6
4392.85644	2.6
4404.7612	2.4
4416.66596	2.4
4428.57072	2.8
4440.47548	2.4
4452.38024	2.4
4464.285	2.6
4476.18976	2.6
4488.09452	2.6
4499.99928	2.6
4511.90404	2.4
4523.8088	2.4
4535.71356	2.4
4547.61832	2.6
4559.52308	2.6
4571.42784	2.6
4583.3326	2.6
4595.23736	2.4
4607.14212	2.4
4619.04688	2.4
4630.95164	2.4
4642.8564	2.6
4654.76116	2.6
4666.66592	2.6
4678.57068	2.4
4690.47544	2.4
4702.3802	2.6
4714.28496	2.4
4726.18972	2.8
4738.09448	2.6
4749.99924	2.6
4761.904	2.6
4773.80876	2.6
4785.71352	2.6
4797.61828	2.8
4809.52304	2.8
4821.4278	2.8
4833.33256	2.6
4845.23732	2.6
4857.14208	2.4
4869.04684	2.6
4880.9516	2.6
4892.85636	2.6
4904.76112	2.8
4916.66588	2.6
4928.57064	2.4
4940.4754	2.6
4952.38016	2.6
4964.28492	2.4
4976.18968	2.4
4988.09444	2.6
4999.9992	2.6
5011.90396	2.6
5023.80872	2.4
5035.71348	2.4
5047.61824	2.6
5059.523	2.6
5071.42776	2.6
5083.33252	2.8
5095.23728	2.6
5107.14204	2.6
5119.0468	2.4
5130.95156	2.8
5142.85632	2.6
5154.76108	2.6
5166.66584	2.8
5178.5706	2.8
5190.47536	2.8
5202.38012	2.8
5214.28488	2.6
5226.18964	2.6
5238.0944	2.8
5249.99916	2.8
5261.90392	2.6
5273.80868	2.6
5285.71344	2.8
5297.6182	2.8
5309.52296	2.6
5321.42772	2.6
5333.33248	2.6
5345.23724	2.8
5357.142	2.6
5369.04676	2.6
5380.95152	2.6
5392.85628	2.4
5404.76104	2.6
5416.6658	2.6
5428.57056	2.6
5440.47532	2.8
5452.38008	2.4
5464.28484	2.6
5476.1896	2.8
5488.09436	2.8
5499.99912	2.8
5511.90388	2.8
5523.80864	2.6
5535.7134	2.8
5547.61816	2.8
5559.52292	2.6
5571.42768	2.8
5583.33244	2.6
5595.2372	2.8
5607.14196	2.6
5619.04672	2.8
5630.95148	2.8
5642.85624	2.6
5654.761	2.8
5666.66576	2.8
5678.57052	2.6
5690.47528	2.8
5702.38004	2.8
5714.2848	2.6
5726.18956	2.8
5738.09432	2.8
5749.99908	2.6
5761.90384	2.6
5773.8086	2.8
5785.71336	2.6
5797.61812	2.8
5809.52288	2.8
5821.42764	2.8
5833.3324	2.6
5845.23716	2.6
5857.14192	2.8
5869.04668	2.6
5880.95144	2.8
5892.8562	2.8
5904.76096	2.8
5916.66572	2.8
5928.57048	2.6
5940.47524	3
5952.38	2.8
5964.28476	2.6
5976.18952	2.6
5988.09428	2.8
5999.99904	2.8
6011.9038	2.8
6023.80856	2.8
6035.71332	2.6
6047.61808	2.8
6059.52284	2.8
6071.4276	2.8
6083.33236	2.6
6095.23712	2.8
6107.14188	2.8
6119.04664	2.6
6130.9514	2.8
6142.85616	2.8
6154.76092	2.6
6166.66568	2.8
6178.57044	2.8
6190.4752	2.8
6202.37996	2.8
6214.28472	2.8
6226.18948	2.8
6238.09424	2.8
6249.999	2.8
6261.90376	2.8
6273.80852	2.8
6285.71328	2.6
6297.61804	2.6
6309.5228	2.8
6321.42756	2.8
6333.33232	2.8
6345.23708	2.8
6357.14184	3
6369.0466	2.8
6380.95136	3
6392.85612	2.8
6404.76088	2.8
6416.66564	2.8
6428.5704	2.8
6440.47516	2.6
6452.37992	2.8
6464.28468	2.6
6476.18944	3
6488.0942	2.8
6499.99896	2.8
6511.90372	2.8
6523.80848	2.8
6535.71324	2.8
6547.618	2.8
6559.52276	2.8
6571.42752	2.6
6583.33228	2.8
6595.23704	2.8
6607.1418	3
6619.04656	2.8
6630.95132	2.8
6642.85608	2.8
6654.76084	2.6
6666.6656	2.8
6678.57036	2.8
6690.47512	2.8
6702.37988	2.8
6714.28464	2.8
6726.1894	2.8
6738.09416	2.8
6749.99892	2.6
6761.90368	2.8
6773.80844	2.6
6785.7132	2.8
6797.61796	2.6
6809.52272	2.8
6821.42748	3
6833.33224	2.6
6845.237	2.8
6857.14176	2.8
6869.04652	2.6
6880.95128	2.8
6892.85604	2.8
6904.7608	2.8
6916.66556	2.8
6928.57032	2.8
6940.47508	2.6
6952.37984	2.6
6964.2846	3
6976.18936	2.8
6988.09412	3
6999.99888	2.6
7011.90364	2.8
7023.8084	2.8
7035.71316	3
7047.61792	2.8
7059.52268	2.6
7071.42744	2.6
7083.3322	2.6
7095.23696	3
7107.14172	2.8
7119.04648	2.8
7130.95124	2.8
7142.856	2.8
7154.76076	3
7166.66552	2.8
7178.57028	2.8
7190.47504	2.8
7202.3798	2.8
7214.28456	2.8
7226.18932	2.8
7238.09408	2.8
7249.99884	2.8
7261.9036	2.8
7273.80836	2.6
7285.71312	2.8
7297.61788	2.8
7309.52264	2.6
7321.4274	2.8
7333.33216	2.8
7345.23692	3
7357.14168	2.8
7369.04644	2.8
7380.9512	3
7392.85596	2.6
7404.76072	2.8
7416.66548	2.6
7428.57024	2.8
7440.475	2.6
7452.37976	2.6
7464.28452	2.8
7476.18928	2.8
7488.09404	2.8
7499.9988	2.8
7511.90356	2.8
7523.80832	3
7535.71308	2.8
7547.61784	2.8
7559.5226	2.6
7571.42736	2.6
7583.33212	2.8
7595.23688	2.8
7607.14164	2.8
7619.0464	2.8
7630.95116	2.8
7642.85592	2.6
7654.76068	2.8
7666.66544	2.8
7678.5702	2.6
7690.47496	2.8
7702.37972	3
7714.28448	2.8
7726.18924	2.8
7738.094	2.8
7749.99876	2.8
7761.90352	2.6
7773.80828	2.6
7785.71304	2.4
7797.6178	3
7809.52256	2.6
7821.42732	2.8
7833.33208	2.8
7845.23684	2.8
7857.1416	2.8
7869.04636	2.6
7880.95112	2.8
7892.85588	3
7904.76064	3
7916.6654	2.8
7928.57016	2.6
7940.47492	2.6
7952.37968	2.8
7964.28444	3
7976.1892	2.6
7988.09396	2.6
7999.99872	2.8
8011.90348	2.8
8023.80824	2.6
8035.713	2.6
8047.61776	2.8
8059.52252	2.8
8071.42728	2.6
8083.33204	2.6
8095.2368	2.8
8107.14156	2.8
8119.04632	2.8
8130.95108	2.6
8142.85584	3
8154.7606	2.8
8166.66536	3
8178.57012	2.8
8190.47488	2.6
8202.37964	2.6
8214.2844	2.8
8226.18916	2.8
8238.09392	2.8
8249.99868	2.8
8261.90344	2.8
8273.8082	2.8
8285.71296	2.6
8297.61772	2.8
8309.52248	2.6
8321.42724	2.6
8333.332	2.8
8345.23676	3
8357.14152	3
8369.04628	2.8
8380.95104	2.6
8392.8558	2.8
8404.76056	2.8
8416.66532	2.8
8428.57008	2.8
8440.47484	2.8
8452.3796	2.8
8464.28436	2.6
8476.18912	2.8
8488.09388	2.8
8499.99864	2.6
8511.9034	2.6
8523.80816	2.6
8535.71292	2.8
8547.61768	2.6
8559.52244	2.6
8571.4272	2.8
8583.33196	2.8
8595.23672	2.8
8607.14148	2.8
8619.04624	2.8
8630.951	2.8
8642.85576	2.8
8654.76052	2.8
8666.66528	2.6
8678.57004	2.8
8690.4748	2.8
8702.37956	2.8
8714.28432	2.6
8726.18908	2.6
8738.09384	2.6
8749.9986	2.6
8761.90336	2.8
8773.80812	2.8
8785.71288	2.6
8797.61764	2.6
8809.5224	2.8
8821.42716	2.8
8833.33192	2.6
8845.23668	2.4
8857.14144	2.6
8869.0462	2.6
8880.95096	2.8
8892.85572	2.6
8904.76048	2.8
8916.66524	2.8
8928.57	2.8
8940.47476	2.8
8952.37952	2.8
8964.28428	2.8
8976.18904	2.8
8988.0938	2.8
8999.99856	2.8
9011.90332	2.8
9023.80808	2.8
9035.71284	2.8
9047.6176	2.6
9059.52236	2.6
9071.42712	2.8
9083.33188	2.8
9095.23664	2.6
9107.1414	2.8
9119.04616	2.8
9130.95092	2.6
9142.85568	2.8
9154.76044	2.6
9166.6652	2.8
9178.56996	2.8
9190.47472	2.6
9202.37948	2.6
9214.28424	2.6
9226.189	2.4
9238.09376	2.6
9249.99852	2.8
9261.90328	2.6
9273.80804	2.6
9285.7128	2.8
9297.61756	2.8
9309.52232	2.6
9321.42708	2.6
9333.33184	2.8
9345.2366	2.8
9357.14136	2.6
9369.04612	2.8
9380.95088	2.8
9392.85564	2.8
9404.7604	2.6
9416.66516	2.8
9428.56992	3
9440.47468	2.6
9452.37944	2.6
9464.2842	2.6
9476.18896	2.6
9488.09372	2.6
9499.99848	2.6
9511.90324	2.8
9523.808	2.8
9535.71276	2.6
9547.61752	2.6
9559.52228	2.6
9571.42704	2.6
9583.3318	2.6
9595.23656	2.8
9607.14132	2.8
9619.04608	2.6
9630.95084	2.6
9642.8556	2.6
9654.76036	2.8
9666.66512	2.8
9678.56988	2.6
9690.47464	2.8
9702.3794	2.6
9714.28416	2.8
9726.18892	3
9738.09368	2.8
9749.99844	2.6
9761.9032	2.8
9773.80796	2.6
9785.71272	2.6
9797.61748	2.6
9809.52224	2.6
9821.427	2.6
9833.33176	2.8
9845.23652	2.8
9857.14128	2.6
9869.04604	2.6
9880.9508	2.8
9892.85556	2.8
9904.76032	2.6
9916.66508	2.8
9928.56984	2.6
9940.4746	2.6
9952.37936	2.6
9964.28412	2.8
9976.18888	2.6
9988.09364	2.8
9999.9984	2.6
10011.90316	2.6
10023.80792	2.8
10035.71268	2.8
10047.61744	2.8
10059.5222	2.8
10071.42696	2.8
10083.33172	2.6
10095.23648	2.6
10107.14124	2.6
10119.046	2.8
10130.95076	2.6
10142.85552	2.6
10154.76028	2.8
10166.66504	2.8
10178.5698	2.6
10190.47456	2.8
10202.37932	2.8
10214.28408	2.6
10226.18884	2.6
10238.0936	3
10249.99836	2.6
10261.90312	2.8
10273.80788	2.8
10285.71264	2.8
10297.6174	2.6
10309.52216	2.6
10321.42692	2.6
10333.33168	2.8
10345.23644	2.6
10357.1412	2.8
10369.04596	2.6
10380.95072	2.6
10392.85548	2.6
10404.76024	2.6
10416.665	2.6
10428.56976	2.6
10440.47452	2.6
10452.37928	2.8
10464.28404	2.6
10476.1888	2.8
10488.09356	2.8
10499.99832	2.6
10511.90308	2.6
10523.80784	2.6
10535.7126	2.8
10547.61736	2.8
10559.52212	2.6
10571.42688	2.8
10583.33164	2.6
10595.2364	2.8
10607.14116	2.6
10619.04592	2.6
10630.95068	2.8
10642.85544	2.6
10654.7602	2.6
10666.66496	2.6
10678.56972	2.8
10690.47448	2.6
10702.37924	2.8
10714.284	2.8
10726.18876	2.6
10738.09352	2.8
10749.99828	2.6
10761.90304	2.6
10773.8078	2.8
10785.71256	2.4
10797.61732	2.6
10809.52208	2.6
10821.42684	2.8
10833.3316	2.8
10845.23636	2.6
10857.14112	2.6
10869.04588	2.6
10880.95064	2.8
10892.8554	2.6
10904.76016	2.6
10916.66492	2.6
10928.56968	2.8
10940.47444	2.8
10952.3792	2.6
10964.28396	2.8
10976.18872	2.6
10988.09348	3
10999.99824	2.6
11011.903	2.6
11023.80776	2.8
11035.71252	2.6
11047.61728	2.8
11059.52204	2.4
11071.4268	2.4
11083.33156	2.6
11095.23632	2.6
11107.14108	2.6
11119.04584	2.8
11130.9506	2.6
11142.85536	2.6
11154.76012	2.6
11166.66488	2.8
11178.56964	2.6
11190.4744	2.8
11202.37916	2.8
11214.28392	2.8
11226.18868	2.6
11238.09344	2.6
11249.9982	2.6
11261.90296	2.6
11273.80772	2.8
11285.71248	2.8
11297.61724	2.8
11309.522	2.6
11321.42676	2.6
11333.33152	2.6
11345.23628	2.8
11357.14104	2.6
11369.0458	2.6
11380.95056	2.6
11392.85532	2.8
11404.76008	2.6
11416.66484	2.6
11428.5696	2.6
11440.47436	2.6
11452.37912	2.6
11464.28388	2.6
11476.18864	2.8
11488.0934	2.6
11499.99816	2.8
11511.90292	2.8
11523.80768	2.8
11535.71244	2.6
11547.6172	2.6
11559.52196	2.6
11571.42672	2.6
11583.33148	2.6
11595.23624	2.6
11607.141	2.8
11619.04576	2.6
11630.95052	2.6
11642.85528	2.6
11654.76004	2.8
11666.6648	2.8
11678.56956	2.6
11690.47432	2.8
11702.37908	2.4
11714.28384	2.4
11726.1886	2.4
11738.09336	2.8
11749.99812	2.6
11761.90288	2.4
11773.80764	2.6
11785.7124	2.8
11797.61716	2.6
11809.52192	2.6
11821.42668	2.6
11833.33144	2.6
11845.2362	2.6
11857.14096	2.6
11869.04572	2.6
11880.95048	2.6
11892.85524	2.8
11904.76	2.6
11916.66476	2.6
11928.56952	2.6
11940.47428	2.8
11952.37904	2.8
11964.2838	2.6
11976.18856	2.8
11988.09332	2.6
11999.99808	2.6
12011.90284	2.8
12023.8076	2.8
12035.71236	2.6
12047.61712	2.6
12059.52188	2.8
12071.42664	2.6
12083.3314	2.6
12095.23616	2.6
12107.14092	2.8
12119.04568	2.4
12130.95044	2.4
12142.8552	2.4
12154.75996	2.6
12166.66472	2.6
12178.56948	2.8
12190.47424	2.6
12202.379	2.4
12214.28376	2.6
12226.18852	2.8
12238.09328	2.6
12249.99804	2.4
12261.9028	2.6
12273.80756	2.6
12285.71232	2.4
12297.61708	2.6
12309.52184	2.8
12321.4266	2.6
12333.33136	2.4
12345.23612	2.6
12357.14088	2.4
12369.04564	2.6
12380.9504	2.6
12392.85516	2.6
12404.75992	2.6
12416.66468	2.6
12428.56944	2.6
12440.4742	2.4
12452.37896	2.6
12464.28372	2.6
12476.18848	2.6
12488.09324	2.6
12499.998	2.6
12511.90276	2.6
12523.80752	2.4
12535.71228	2.6
12547.61704	2.4
12559.5218	2.4
12571.42656	2.6
12583.33132	2.4
12595.23608	2.6
12607.14084	2.6
12619.0456	2.6
12630.95036	2.6
12642.85512	2.6
12654.75988	2.6
12666.66464	2.4
12678.5694	2.4
12690.47416	2.4
12702.37892	2.6
12714.28368	2.6
12726.18844	2.6
12738.0932	2.6
12749.99796	2.6
12761.90272	2.6
12773.80748	2.6
12785.71224	2.4
12797.617	2.6
12809.52176	2.6
12821.42652	2.6
12833.33128	2.6
12845.23604	2.4
12857.1408	-0.4
12869.04556	-0.4
12880.95032	-0.4
12892.85508	-0.4
12904.75984	-0.4
12916.6646	-0.4
12928.56936	-0.4
12940.47412	-0.4
12952.37888	-0.4
12964.28364	-0.4
12976.1884	-0.4
12988.09316	-0.4
12999.99792	-0.4
13011.90268	-0.4
13023.80744	-0.4
13035.7122	-0.4
13047.61696	-0.4
13059.52172	-0.6
13071.42648	-0.4
13083.33124	-0.4
13095.236	-0.4
13107.14076	-0.4
13119.04552	-0.6
13130.95028	-0.4
13142.85504	-0.4
13154.7598	-0.4
13166.66456	-0.4
13178.56932	-0.4
13190.47408	-0.4
13202.37884	-0.4
13214.2836	-0.4
13226.18836	-0.4
13238.09312	-0.4
13249.99788	-0.4
13261.90264	-0.4
13273.8074	-0.4
13285.71216	-0.4
13297.61692	-0.2
13309.52168	-0.2
13321.42644	-0.4
13333.3312	-0.4
13345.23596	-0.4
13357.14072	-0.4
13369.04548	-0.4
13380.95024	-0.4
13392.855	-0.4
13404.75976	-0.6
13416.66452	-0.4
13428.56928	-0.4
13440.47404	-0.4
13452.3788	-0.4
13464.28356	-0.4
13476.18832	-0.4
13488.09308	-0.4
13499.99784	-0.4
13511.9026	-0.4
13523.80736	-0.4
13535.71212	-0.2
13547.61688	-0.4
13559.52164	-0.2
13571.4264	-0.4
13583.33116	-0.4
13595.23592	-0.4
13607.14068	-0.4
13619.04544	-0.4
13630.9502	-0.4
13642.85496	-0.6
13654.75972	-0.4
13666.66448	-0.4
13678.56924	-0.4
13690.474	-0.4
13702.37876	-0.4
13714.28352	-0.4
13726.18828	-0.4
13738.09304	-0.6
13749.9978	-0.4
13761.90256	-0.4
13773.80732	-0.6
13785.71208	-0.4
13797.61684	-0.4
13809.5216	-0.4
13821.42636	-0.4
13833.33112	-0.4
13845.23588	-0.4
13857.14064	-0.4
13869.0454	-0.4
13880.95016	-0.4
13892.85492	-0.4
13904.75968	-0.2
13916.66444	-0.4
13928.5692	-0.4
13940.47396	-0.4
13952.37872	-0.4
13964.28348	-0.6
13976.18824	-0.4
13988.093	-0.4
13999.99776	-0.4
14011.90252	-0.4
14023.80728	-0.4
14035.71204	-0.4
14047.6168	-0.4
14059.52156	-0.4
14071.42632	-0.4
14083.33108	-0.4
14095.23584	-0.4
14107.1406	-0.4
14119.04536	-0.4
14130.95012	-0.4
14142.85488	-0.4
14154.75964	-0.4
14166.6644	-0.6
14178.56916	-0.4
14190.47392	-0.4
14202.37868	-0.4
14214.28344	-0.4
14226.1882	-0.4
14238.09296	-0.6
14249.99772	-0.4
14261.90248	-0.4
14273.80724	-0.4
14285.712	-0.4
14297.61676	-0.4
14309.52152	-0.4
14321.42628	-0.4
14333.33104	-0.6
14345.2358	-0.4
14357.14056	-0.4
14369.04532	-0.4
14380.95008	-0.4
14392.85484	-0.6
14404.7596	-0.4
14416.66436	-0.4
14428.56912	-0.4
14440.47388	-0.4
14452.37864	-0.4
14464.2834	-0.4
14476.18816	-0.4
14488.09292	-0.4
14499.99768	-0.4
14511.90244	-0.4
14523.8072	-0.6
14535.71196	-0.4
14547.61672	-0.2
14559.52148	-0.4
14571.42624	-0.4
14583.331	-0.4
14595.23576	-0.4
14607.14052	-0.4
14619.04528	-0.6
14630.95004	-0.4
14642.8548	-0.4
14654.75956	-0.6
14666.66432	-0.4
14678.56908	-0.4
14690.47384	-0.4
14702.3786	-0.4
14714.28336	-0.4
14726.18812	-0.6
14738.09288	-0.4
14749.99764	-0.6
14761.9024	-0.4
14773.80716	-0.4
14785.71192	-0.6
14797.61668	-0.4
14809.52144	-0.4
14821.4262	-0.4
14833.33096	-0.4
14845.23572	-0.4
14857.14048	-0.4
14869.04524	-0.4
