-2976.190476	-0.4	3.4
-2973.809524	-0.32	3.36
-2971.428571	-0.4	3.4
-2969.047619	-0.4	3.4
-2966.666667	-0.4	3.4
-2964.285714	-0.4	3.4
-2961.904762	-0.4	3.36
-2959.52381	-0.48	3.36
-2957.142857	-0.4	3.36
-2954.761905	-0.4	3.4
-2952.380952	-0.4	3.4
-2950	-0.4	3.4
-2947.619048	-0.4	3.4
-2945.238095	-0.4	3.36
-2942.857143	-0.4	3.36
-2940.47619	-0.4	3.36
-2938.095238	-0.4	3.4
-2935.714286	-0.4	3.4
-2933.333333	-0.4	3.36
-2930.952381	-0.48	3.36
-2928.571429	-0.4	3.36
-2926.190476	-0.4	3.4
-2923.809524	-0.32	3.4
-2921.428571	-0.4	3.36
-2919.047619	-0.32	3.36
-2916.666667	-0.4	3.36
-2914.285714	-0.4	3.36
-2911.904762	-0.4	3.36
-2909.52381	-0.4	3.36
-2907.142857	-0.4	3.4
-2904.761905	-0.4	3.4
-2902.380952	-0.32	3.36
-2900	-0.4	3.4
-2897.619048	-0.4	3.4
-2895.238095	-0.4	3.4
-2892.857143	-0.4	3.4
-2890.47619	-0.4	3.36
-2888.095238	-0.4	3.36
-2885.714286	-0.4	3.4
-2883.333333	-0.4	3.36
-2880.952381	-0.32	3.36
-2878.571429	-0.48	3.36
-2876.190476	-0.4	3.4
-2873.809524	-0.32	3.4
-2871.428571	-0.48	3.4
-2869.047619	-0.32	3.36
-2866.666667	-0.32	3.36
-2864.285714	-0.32	3.36
-2861.904762	-0.4	3.36
-2859.52381	-0.4	3.4
-2857.142857	-0.32	3.36
-2854.761905	-0.32	3.36
-2852.380952	-0.32	3.36
-2850	-0.4	3.36
-2847.619048	-0.32	3.36
-2845.238095	-0.32	3.36
-2842.857143	-0.4	3.36
-2840.47619	-0.32	3.36
-2838.095238	-0.4	3.4
-2835.714286	-0.32	3.36
-2833.333333	-0.4	3.36
-2830.952381	-0.4	3.36
-2828.571429	-0.32	3.36
-2826.190476	-0.32	3.36
-2823.809524	-0.32	3.36
-2821.428571	-0.32	3.36
-2819.047619	-0.32	3.36
-2816.666667	-0.4	3.36
-2814.285714	-0.32	3.36
-2811.904762	-0.4	3.4
-2809.52381	-0.4	3.4
-2807.142857	-0.32	3.36
-2804.761905	-0.32	3.36
-2802.380952	-0.4	3.36
-2800	-0.32	3.4
-2797.619048	-0.32	3.36
-2795.238095	-0.32	3.36
-2792.857143	-0.32	3.36
-2790.47619	-0.4	3.36
-2788.095238	-0.4	3.36
-2785.714286	-0.32	3.4
-2783.333333	-0.32	3.36
-2780.952381	-0.32	3.36
-2778.571429	-0.32	3.4
-2776.190476	-0.32	3.36
-2773.809524	-0.32	3.36
-2771.428571	-0.32	3.36
-2769.047619	-0.24	3.4
-2766.666667	-0.32	3.36
-2764.285714	-0.32	3.36
-2761.904762	-0.32	3.4
-2759.52381	-0.4	3.36
-2757.142857	-0.32	3.36
-2754.761905	-0.32	3.36
-2752.380952	-0.32	3.4
-2750	-0.32	3.36
-2747.619048	-0.32	3.36
-2745.238095	-0.32	3.36
-2742.857143	-0.24	3.36
-2740.47619	-0.32	3.36
-2738.095238	-0.32	3.36
-2735.714286	-0.24	3.4
-2733.333333	-0.32	3.36
-2730.952381	-0.32	3.36
-2728.571429	-0.32	3.4
-2726.190476	-0.24	3.36
-2723.809524	-0.32	3.36
-2721.428571	-0.32	3.36
-2719.047619	-0.24	3.36
-2716.666667	-0.32	3.36
-2714.285714	-0.24	3.36
-2711.904762	-0.32	3.4
-2709.52381	-0.32	3.36
-2707.142857	-0.24	3.36
-2704.761905	-0.32	3.36
-2702.380952	-0.32	3.36
-2700	-0.24	3.36
-2697.619048	-0.32	3.36
-2695.238095	-0.24	3.36
-2692.857143	-0.32	3.36
-2690.47619	-0.32	3.36
-2688.095238	-0.32	3.36
-2685.714286	-0.32	3.36
-2683.333333	-0.24	3.36
-2680.952381	-0.32	3.36
-2678.571429	-0.24	3.36
-2676.190476	-0.32	3.36
-2673.809524	-0.32	3.4
-2671.428571	-0.32	3.4
-2669.047619	-0.24	3.36
-2666.666667	-0.24	3.36
-2664.285714	-0.32	3.36
-2661.904762	-0.32	3.36
-2659.52381	-0.24	3.36
-2657.142857	-0.32	3.36
-2654.761905	-0.32	3.36
-2652.380952	-0.24	3.36
-2650	-0.24	3.36
-2647.619048	-0.32	3.36
-2645.238095	-0.24	3.36
-2642.857143	-0.32	3.36
-2640.47619	-0.32	3.36
-2638.095238	-0.24	3.36
-2635.714286	-0.32	3.36
-2633.333333	-0.32	3.4
-2630.952381	-0.24	3.36
-2628.571429	-0.4	3.36
-2626.190476	-0.32	3.36
-2623.809524	-0.24	3.36
-2621.428571	-0.32	3.36
-2619.047619	-0.24	3.4
-2616.666667	-0.24	3.36
-2614.285714	-0.24	3.36
-2611.904762	-0.24	3.36
-2609.52381	-0.32	3.36
-2607.142857	-0.24	3.36
-2604.761905	-0.32	3.36
-2602.380952	-0.4	3.36
-2600	-0.24	3.36
-2597.619048	-0.4	3.36
-2595.238095	-0.24	3.36
-2592.857143	-0.32	3.36
-2590.47619	-0.24	3.4
-2588.095238	-0.32	3.36
-2585.714286	-0.24	3.36
-2583.333333	-0.24	3.36
-2580.952381	-0.24	3.36
-2578.571429	-0.32	3.36
-2576.190476	-0.16	3.36
-2573.809524	-0.32	3.36
-2571.428571	-0.24	3.36
-2569.047619	-0.24	3.36
-2566.666667	-0.24	3.36
-2564.285714	-0.32	3.36
-2561.904762	-0.16	3.36
-2559.52381	-0.24	3.36
-2557.142857	-0.24	3.36
-2554.761905	-0.24	3.36
-2552.380952	-0.24	3.36
-2550	-0.24	3.36
-2547.619048	-0.24	3.36
-2545.238095	-0.24	3.36
-2542.857143	-0.24	3.36
-2540.47619	-0.24	3.36
-2538.095238	-0.24	3.36
-2535.714286	-0.24	3.36
-2533.333333	-0.24	3.36
-2530.952381	-0.24	3.36
-2528.571429	-0.32	3.36
-2526.190476	-0.24	3.36
-2523.809524	-0.24	3.36
-2521.428571	-0.24	3.36
-2519.047619	-0.32	3.36
-2516.666667	-0.24	3.36
-2514.285714	-0.32	3.36
-2511.904762	-0.24	3.36
-2509.52381	-0.24	3.36
-2507.142857	-0.24	3.36
-2504.761905	-0.24	3.36
-2502.380952	-0.24	3.36
-2500	-0.24	3.36
-2497.619048	-0.24	3.36
-2495.238095	-0.24	3.36
-2492.857143	-0.24	3.36
-2490.47619	-0.24	3.36
-2488.095238	-0.24	3.36
-2485.714286	-0.24	3.36
-2483.333333	-0.24	3.36
-2480.952381	-0.24	3.36
-2478.571429	-0.24	3.36
-2476.190476	-0.24	3.36
-2473.809524	-0.24	3.4
-2471.428571	-0.24	3.36
-2469.047619	-0.16	3.36
-2466.666667	-0.16	3.36
-2464.285714	-0.24	3.36
-2461.904762	-0.24	3.36
-2459.52381	-0.16	3.36
-2457.142857	-0.24	3.36
-2454.761905	-0.32	3.36
-2452.380952	-0.24	3.4
-2450	-0.24	3.36
-2447.619048	-0.24	3.36
-2445.238095	-0.24	3.36
-2442.857143	-0.24	3.36
-2440.47619	-0.16	3.36
-2438.095238	-0.32	3.36
-2435.714286	-0.24	3.36
-2433.333333	-0.24	3.36
-2430.952381	-0.24	3.36
-2428.571429	-0.24	3.36
-2426.190476	-0.24	3.36
-2423.809524	-0.24	3.36
-2421.428571	-0.24	3.36
-2419.047619	-0.24	3.36
-2416.666667	-0.16	3.36
-2414.285714	-0.24	3.36
-2411.904762	-0.24	3.36
-2409.52381	-0.24	3.36
-2407.142857	-0.24	3.36
-2404.761905	-0.24	3.36
-2402.380952	-0.24	3.36
-2400	-0.24	3.36
-2397.619048	-0.16	3.36
-2395.238095	-0.24	3.36
-2392.857143	-0.24	3.36
-2390.47619	-0.16	3.36
-2388.095238	-0.24	3.36
-2385.714286	-0.24	3.36
-2383.333333	-0.16	3.36
-2380.952381	-0.16	3.36
-2378.571429	-0.16	3.36
-2376.190476	-0.16	3.36
-2373.809524	-0.16	3.36
-2371.428571	-0.16	3.36
-2369.047619	-0.24	3.36
-2366.666667	-0.16	3.36
-2364.285714	-0.16	3.36
-2361.904762	-0.16	3.36
-2359.52381	-0.08	3.36
-2357.142857	-0.24	3.36
-2354.761905	-0.24	3.36
-2352.380952	-0.16	3.36
-2350	-0.24	3.36
-2347.619048	-0.16	3.36
-2345.238095	-0.16	3.36
-2342.857143	-0.24	3.36
-2340.47619	-0.16	3.36
-2338.095238	-0.24	3.36
-2335.714286	-0.24	3.36
-2333.333333	-0.24	3.36
-2330.952381	-0.24	3.36
-2328.571429	-0.24	3.36
-2326.190476	-0.16	3.32
-2323.809524	-0.24	3.36
-2321.428571	-0.16	3.36
-2319.047619	-0.24	3.36
-2316.666667	-0.24	3.36
-2314.285714	-0.16	3.36
-2311.904762	-0.24	3.36
-2309.52381	-0.24	3.36
-2307.142857	-0.24	3.36
-2304.761905	-0.24	3.32
-2302.380952	-0.08	3.36
-2300	-0.16	3.36
-2297.619048	-0.16	3.36
-2295.238095	-0.24	3.36
-2292.857143	-0.16	3.36
-2290.47619	-0.16	3.36
-2288.095238	-0.16	3.36
-2285.714286	-0.16	3.36
-2283.333333	-0.16	3.36
-2280.952381	-0.24	3.36
-2278.571429	-0.24	3.36
-2276.190476	-0.16	3.36
-2273.809524	-0.24	3.36
-2271.428571	-0.24	3.36
-2269.047619	-0.16	3.32
-2266.666667	-0.24	3.36
-2264.285714	-0.24	3.36
-2261.904762	-0.24	3.36
-2259.52381	-0.24	3.36
-2257.142857	-0.16	3.36
-2254.761905	-0.24	3.36
-2252.380952	-0.24	3.36
-2250	-0.16	3.36
-2247.619048	0	3.36
-2245.238095	-0.16	3.36
-2242.857143	-0.16	3.36
-2240.47619	-0.16	3.32
-2238.095238	-0.16	3.36
-2235.714286	-0.16	3.32
-2233.333333	-0.08	3.36
-2230.952381	-0.24	3.36
-2228.571429	-0.24	3.36
-2226.190476	-0.08	3.36
-2223.809524	-0.24	3.36
-2221.428571	-0.16	3.36
-2219.047619	-0.16	3.36
-2216.666667	-0.16	3.36
-2214.285714	-0.08	3.32
-2211.904762	-0.16	3.36
-2209.52381	-0.24	3.36
-2207.142857	-0.16	3.36
-2204.761905	-0.16	3.36
-2202.380952	-0.08	3.32
-2200	-0.16	3.36
-2197.619048	-0.16	3.36
-2195.238095	-0.16	3.36
-2192.857143	-0.16	3.36
-2190.47619	-0.16	3.36
-2188.095238	-0.08	3.32
-2185.714286	-0.24	3.32
-2183.333333	-0.16	3.36
-2180.952381	-0.24	3.36
-2178.571429	-0.16	3.36
-2176.190476	-0.16	3.36
-2173.809524	-0.16	3.36
-2171.428571	-0.16	3.36
-2169.047619	-0.24	3.36
-2166.666667	-0.16	3.36
-2164.285714	-0.16	3.32
-2161.904762	-0.24	3.36
-2159.52381	-0.16	3.32
-2157.142857	-0.24	3.36
-2154.761905	-0.16	3.36
-2152.380952	-0.24	3.36
-2150	-0.08	3.36
-2147.619048	-0.16	3.36
-2145.238095	-0.16	3.36
-2142.857143	-0.16	3.36
-2140.47619	-0.08	3.36
-2138.095238	-0.16	3.36
-2135.714286	-0.16	3.36
-2133.333333	-0.08	3.36
-2130.952381	-0.24	3.36
-2128.571429	-0.16	3.36
-2126.190476	-0.16	3.32
-2123.809524	-0.16	3.36
-2121.428571	-0.24	3.36
-2119.047619	-0.16	3.36
-2116.666667	-0.16	3.36
-2114.285714	-0.16	3.32
-2111.904762	-0.16	3.36
-2109.52381	-0.16	3.36
-2107.142857	-0.16	3.32
-2104.761905	-0.16	3.32
-2102.380952	-0.08	3.36
-2100	-0.16	3.36
-2097.619048	-0.16	3.32
-2095.238095	-0.16	3.36
-2092.857143	-0.16	3.32
-2090.47619	-0.24	3.36
-2088.095238	-0.08	3.32
-2085.714286	-0.08	3.36
-2083.333333	-0.16	3.36
-2080.952381	-0.16	3.36
-2078.571429	-0.08	3.36
-2076.190476	-0.24	3.36
-2073.809524	-0.16	3.32
-2071.428571	-0.16	3.32
-2069.047619	-0.16	3.32
-2066.666667	-0.16	3.36
-2064.285714	-0.16	3.32
-2061.904762	-0.08	3.36
-2059.52381	-0.16	3.32
-2057.142857	-0.16	3.32
-2054.761905	-0.16	3.36
-2052.380952	-0.16	3.32
-2050	-0.08	3.32
-2047.619048	-0.24	3.32
-2045.238095	-0.16	3.32
-2042.857143	-0.16	3.32
-2040.47619	-0.16	3.36
-2038.095238	-0.16	3.36
-2035.714286	-0.16	3.36
-2033.333333	-0.16	3.36
-2030.952381	-0.16	3.36
-2028.571429	-0.16	3.36
-2026.190476	-0.16	3.32
-2023.809524	-0.16	3.36
-2021.428571	-0.16	3.36
-2019.047619	-0.24	3.36
-2016.666667	-0.16	3.32
-2014.285714	-0.16	3.36
-2011.904762	-0.24	3.36
-2009.52381	-0.16	3.32
-2007.142857	-0.16	3.36
-2004.761905	-0.16	3.36
-2002.380952	-0.16	3.32
-2000	-0.08	3.32
-1997.619048	-0.16	3.32
-1995.238095	-0.16	3.32
-1992.857143	-0.16	3.32
-1990.47619	-0.16	3.32
-1988.095238	-0.24	3.32
-1985.714286	-0.16	3.36
-1983.333333	-0.16	3.36
-1980.952381	-0.24	3.36
-1978.571429	-0.16	3.36
-1976.190476	-0.08	3.32
-1973.809524	-0.24	3.32
-1971.428571	-0.16	3.32
-1969.047619	-0.16	3.32
-1966.666667	-0.16	3.36
-1964.285714	-0.08	3.32
-1961.904762	-0.16	3.32
-1959.52381	-0.16	3.32
-1957.142857	-0.16	3.36
-1954.761905	-0.16	3.32
-1952.380952	-0.16	3.32
-1950	-0.16	3.32
-1947.619048	-0.16	3.32
-1945.238095	-0.16	3.36
-1942.857143	-0.16	3.32
-1940.47619	-0.08	3.32
-1938.095238	-0.16	3.32
-1935.714286	-0.16	3.32
-1933.333333	-0.24	3.32
-1930.952381	-0.24	3.32
-1928.571429	-0.08	3.32
-1926.190476	-0.16	3.32
-1923.809524	-0.24	3.32
-1921.428571	-0.08	3.36
-1919.047619	-0.16	3.32
-1916.666667	-0.16	3.32
-1914.285714	-0.16	3.32
-1911.904762	-0.16	3.32
-1909.52381	-0.16	3.32
-1907.142857	-0.16	3.36
-1904.761905	-0.16	3.32
-1902.380952	-0.16	3.36
-1900	-0.16	3.32
-1897.619048	-0.08	3.36
-1895.238095	-0.16	3.32
-1892.857143	-0.24	3.32
-1890.47619	-0.16	3.32
-1888.095238	-0.16	3.32
-1885.714286	-0.24	3.32
-1883.333333	-0.16	3.32
-1880.952381	-0.08	3.32
-1878.571429	-0.16	3.32
-1876.190476	-0.16	3.32
-1873.809524	-0.24	3.32
-1871.428571	-0.16	3.32
-1869.047619	-0.16	3.32
-1866.666667	-0.08	3.32
-1864.285714	-0.08	3.32
-1861.904762	-0.16	3.32
-1859.52381	-0.24	3.32
-1857.142857	-0.16	3.32
-1854.761905	-0.16	3.32
-1852.380952	-0.16	3.32
-1850	-0.16	3.32
-1847.619048	-0.16	3.32
-1845.238095	-0.24	3.32
-1842.857143	-0.16	3.32
-1840.47619	-0.16	3.32
-1838.095238	-0.16	3.32
-1835.714286	-0.16	3.32
-1833.333333	-0.16	3.32
-1830.952381	-0.16	3.32
-1828.571429	-0.24	3.32
-1826.190476	-0.16	3.32
-1823.809524	-0.16	3.32
-1821.428571	-0.16	3.32
-1819.047619	-0.16	3.32
-1816.666667	-0.16	3.32
-1814.285714	-0.16	3.32
-1811.904762	-0.24	3.32
-1809.52381	-0.16	3.32
-1807.142857	-0.16	3.32
-1804.761905	-0.24	3.32
-1802.380952	-0.24	3.32
-1800	-0.24	3.32
-1797.619048	-0.16	3.32
-1795.238095	-0.24	3.32
-1792.857143	-0.16	3.32
-1790.47619	-0.16	3.32
-1788.095238	-0.08	3.32
-1785.714286	-0.16	3.32
-1783.333333	-0.16	3.32
-1780.952381	-0.24	3.32
-1778.571429	-0.16	3.32
-1776.190476	-0.24	3.32
-1773.809524	-0.16	3.32
-1771.428571	-0.24	3.32
-1769.047619	-0.08	3.32
-1766.666667	-0.16	3.28
-1764.285714	-0.24	3.28
-1761.904762	-0.16	3.32
-1759.52381	-0.24	3.32
-1757.142857	-0.24	3.32
-1754.761905	-0.16	3.32
-1752.380952	-0.24	3.32
-1750	-0.08	3.32
-1747.619048	-0.24	3.28
-1745.238095	-0.32	3.32
-1742.857143	-0.32	3.32
-1740.47619	-0.16	3.32
-1738.095238	-0.24	3.32
-1735.714286	-0.24	3.32
-1733.333333	-0.32	3.32
-1730.952381	-0.16	3.32
-1728.571429	-0.16	3.28
-1726.190476	-0.24	3.32
-1723.809524	-0.24	3.32
-1721.428571	-0.24	3.32
-1719.047619	-0.24	3.32
-1716.666667	-0.24	3.32
-1714.285714	-0.24	3.28
-1711.904762	-0.16	3.28
-1709.52381	-0.24	3.32
-1707.142857	-0.24	3.28
-1704.761905	-0.16	3.28
-1702.380952	-0.16	3.32
-1700	-0.24	3.32
-1697.619048	-0.24	3.28
-1695.238095	-0.16	3.28
-1692.857143	-0.16	3.28
-1690.47619	-0.16	3.32
-1688.095238	-0.24	3.28
-1685.714286	-0.16	3.32
-1683.333333	-0.24	3.32
-1680.952381	-0.16	3.32
-1678.571429	-0.24	3.32
-1676.190476	-0.16	3.32
-1673.809524	-0.24	3.28
-1671.428571	-0.16	3.28
-1669.047619	-0.24	3.28
-1666.666667	-0.24	3.32
-1664.285714	-0.32	3.28
-1661.904762	-0.24	3.32
-1659.52381	-0.16	3.32
-1657.142857	-0.24	3.32
-1654.761905	-0.16	3.28
-1652.380952	-0.24	3.28
-1650	-0.24	3.28
-1647.619048	-0.24	3.28
-1645.238095	-0.16	3.32
-1642.857143	-0.24	3.28
-1640.47619	-0.24	3.28
-1638.095238	-0.24	3.28
-1635.714286	-0.24	3.28
-1633.333333	-0.24	3.28
-1630.952381	-0.16	3.28
-1628.571429	-0.32	3.32
-1626.190476	-0.24	3.28
-1623.809524	-0.16	3.28
-1621.428571	-0.24	3.28
-1619.047619	-0.24	3.28
-1616.666667	-0.24	3.28
-1614.285714	-0.32	3.32
-1611.904762	-0.32	3.28
-1609.52381	-0.24	3.28
-1607.142857	-0.24	3.28
-1604.761905	-0.24	3.28
-1602.380952	-0.24	3.28
-1600	-0.16	3.28
-1597.619048	-0.24	3.28
-1595.238095	-0.24	3.28
-1592.857143	-0.24	3.28
-1590.47619	-0.24	3.28
-1588.095238	-0.16	3.28
-1585.714286	-0.16	3.32
-1583.333333	-0.16	3.28
-1580.952381	-0.24	3.28
-1578.571429	-0.24	3.28
-1576.190476	-0.24	3.28
-1573.809524	-0.24	3.28
-1571.428571	-0.24	3.28
-1569.047619	-0.24	3.28
-1566.666667	-0.24	3.28
-1564.285714	-0.24	3.28
-1561.904762	-0.24	3.28
-1559.52381	-0.16	3.28
-1557.142857	-0.24	3.28
-1554.761905	-0.24	3.28
-1552.380952	-0.24	3.28
-1550	-0.24	3.28
-1547.619048	-0.24	3.28
-1545.238095	-0.24	3.28
-1542.857143	-0.24	3.28
-1540.47619	-0.24	3.28
-1538.095238	-0.24	3.28
-1535.714286	-0.24	3.28
-1533.333333	-0.16	3.28
-1530.952381	-0.24	3.28
-1528.571429	-0.24	3.28
-1526.190476	-0.24	3.28
-1523.809524	-0.24	3.28
-1521.428571	-0.32	3.28
-1519.047619	-0.24	3.28
-1516.666667	-0.16	3.28
-1514.285714	-0.24	3.28
-1511.904762	-0.24	3.28
-1509.52381	-0.24	3.28
-1507.142857	-0.24	3.28
-1504.761905	-0.24	3.28
-1502.380952	-0.24	3.28
-1500	-0.24	3.28
-1497.619048	-0.24	3.28
-1495.238095	-0.16	3.28
-1492.857143	-0.24	3.28
-1490.47619	-0.24	3.28
-1488.095238	-0.16	3.28
-1485.714286	-0.24	3.28
-1483.333333	-0.16	3.28
-1480.952381	-0.32	3.28
-1478.571429	-0.32	3.28
-1476.190476	-0.16	3.28
-1473.809524	-0.24	3.28
-1471.428571	-0.24	3.24
-1469.047619	-0.24	3.28
-1466.666667	-0.24	3.28
-1464.285714	-0.24	3.28
-1461.904762	-0.24	3.28
-1459.52381	-0.24	3.28
-1457.142857	-0.24	3.28
-1454.761905	-0.16	3.28
-1452.380952	-0.24	3.28
-1450	-0.24	3.28
-1447.619048	-0.24	3.24
-1445.238095	-0.16	3.28
-1442.857143	-0.24	3.28
-1440.47619	-0.24	3.28
-1438.095238	-0.24	3.24
-1435.714286	-0.24	3.28
-1433.333333	-0.24	3.28
-1430.952381	-0.24	3.24
-1428.571429	-0.24	3.24
-1426.190476	-0.24	3.24
-1423.809524	-0.24	3.28
-1421.428571	-0.16	3.24
-1419.047619	-0.16	3.28
-1416.666667	-0.24	3.24
-1414.285714	-0.24	3.24
-1411.904762	-0.24	3.24
-1409.52381	-0.24	3.24
-1407.142857	-0.24	3.24
-1404.761905	-0.24	3.24
-1402.380952	-0.24	3.24
-1400	-0.24	3.24
-1397.619048	-0.24	3.28
-1395.238095	-0.24	3.28
-1392.857143	-0.24	3.24
-1390.47619	-0.32	3.2
-1388.095238	-0.24	3.24
-1385.714286	-0.24	3.24
-1383.333333	-0.24	3.24
-1380.952381	-0.24	3.24
-1378.571429	-0.16	3.24
-1376.190476	-0.24	3.24
-1373.809524	-0.16	3.24
-1371.428571	-0.32	3.24
-1369.047619	-0.16	3.24
-1366.666667	-0.16	3.24
-1364.285714	-0.24	3.24
-1361.904762	-0.16	3.2
-1359.52381	-0.16	3.24
-1357.142857	-0.24	3.24
-1354.761905	-0.16	3.2
-1352.380952	-0.24	3.2
-1350	-0.24	3.24
-1347.619048	-0.24	3.24
-1345.238095	-0.24	3.24
-1342.857143	-0.16	3.2
-1340.47619	-0.16	3.2
-1338.095238	-0.24	3.2
-1335.714286	-0.16	3.2
-1333.333333	-0.16	3.2
-1330.952381	-0.16	3.24
-1328.571429	-0.24	3.2
-1326.190476	-0.16	3.2
-1323.809524	-0.16	3.2
-1321.428571	-0.24	3.2
-1319.047619	-0.16	3.2
-1316.666667	-0.16	3.2
-1314.285714	-0.16	3.2
-1311.904762	-0.16	3.2
-1309.52381	-0.16	3.2
-1307.142857	-0.16	3.2
-1304.761905	-0.08	3.2
-1302.380952	-0.08	3.2
-1300	-0.16	3.2
-1297.619048	-0.16	3.2
-1295.238095	-0.08	3.2
-1292.857143	-0.16	3.2
-1290.47619	-0.08	3.2
-1288.095238	-0.16	3.2
-1285.714286	-0.08	3.2
-1283.333333	-0.24	3.2
-1280.952381	-0.16	3.2
-1278.571429	-0.08	3.2
-1276.190476	-0.08	3.2
-1273.809524	-0.08	3.16
-1271.428571	-0.08	3.2
-1269.047619	-0.08	3.2
-1266.666667	-0.08	3.16
-1264.285714	-0.08	3.2
-1261.904762	-0.08	3.2
-1259.52381	-0.08	3.2
-1257.142857	-0.08	3.16
-1254.761905	-0.08	3.2
-1252.380952	-0.08	3.2
-1250	0	3.16
-1247.619048	0	3.2
-1245.238095	0	3.2
-1242.857143	0	3.16
-1240.47619	0	3.16
-1238.095238	0	3.16
-1235.714286	-0.08	3.16
-1233.333333	0.08	3.16
-1230.952381	0	3.16
-1228.571429	0	3.16
-1226.190476	0	3.12
-1223.809524	0.08	3.16
-1221.428571	0	3.16
-1219.047619	0.08	3.16
-1216.666667	0	3.16
-1214.285714	0	3.16
-1211.904762	0.08	3.16
-1209.52381	0	3.16
-1207.142857	0	3.12
-1204.761905	0.08	3.12
-1202.380952	0.08	3.12
-1200	0.16	3.16
-1197.619048	0.08	3.12
-1195.238095	0.16	3.12
-1192.857143	0.16	3.12
-1190.47619	0.08	3.12
-1188.095238	0.08	3.12
-1185.714286	0.16	3.16
-1183.333333	0.08	3.12
-1180.952381	0.16	3.12
-1178.571429	0.16	3.12
-1176.190476	0.16	3.12
-1173.809524	0.24	3.12
-1171.428571	0.16	3.12
-1169.047619	0.24	3.12
-1166.666667	0.16	3.12
-1164.285714	0.16	3.12
-1161.904762	0.24	3.08
-1159.52381	0.24	3.12
-1157.142857	0.24	3.12
-1154.761905	0.24	3.12
-1152.380952	0.24	3.12
-1150	0.24	3.08
-1147.619048	0.24	3.12
-1145.238095	0.16	3.08
-1142.857143	0.24	3.08
-1140.47619	0.32	3.08
-1138.095238	0.32	3.08
-1135.714286	0.32	3.08
-1133.333333	0.32	3.08
-1130.952381	0.4	3.08
-1128.571429	0.32	3.08
-1126.190476	0.32	3.08
-1123.809524	0.32	3.08
-1121.428571	0.4	3.08
-1119.047619	0.32	3.08
-1116.666667	0.4	3.08
-1114.285714	0.4	3.08
-1111.904762	0.32	3.04
-1109.52381	0.4	3.08
-1107.142857	0.48	3.04
-1104.761905	0.48	3.04
-1102.380952	0.48	3.04
-1100	0.4	3.04
-1097.619048	0.56	3.04
-1095.238095	0.4	3.04
-1092.857143	0.48	3.04
-1090.47619	0.48	3.04
-1088.095238	0.48	3.04
-1085.714286	0.48	3
-1083.333333	0.56	3.04
-1080.952381	0.56	3
-1078.571429	0.56	3.04
-1076.190476	0.56	3
-1073.809524	0.56	3
-1071.428571	0.64	3
-1069.047619	0.64	3
-1066.666667	0.64	3
-1064.285714	0.64	3
-1061.904762	0.64	3
-1059.52381	0.64	3
-1057.142857	0.72	3
-1054.761905	0.72	3
-1052.380952	0.72	3
-1050	0.72	3
-1047.619048	0.72	3
-1045.238095	0.8	2.96
-1042.857143	0.72	2.96
-1040.47619	0.72	2.96
-1038.095238	0.8	2.96
-1035.714286	0.8	2.96
-1033.333333	0.88	2.96
-1030.952381	0.88	2.96
-1028.571429	0.88	2.96
-1026.190476	0.88	2.92
-1023.809524	0.88	2.92
-1021.428571	0.88	2.96
-1019.047619	0.96	2.92
-1016.666667	0.96	2.92
-1014.285714	0.96	2.92
-1011.904762	1.04	2.92
-1009.52381	1.04	2.92
-1007.142857	0.96	2.92
-1004.761905	1.04	2.92
-1002.380952	0.96	2.88
-1000	1.04	2.88
-997.6190476	1.04	2.92
-995.2380952	1.04	2.88
-992.8571429	1.04	2.88
-990.4761905	0.96	2.88
-988.0952381	1.12	2.88
-985.7142857	1.04	2.88
-983.3333333	1.12	2.88
-980.952381	1.12	2.84
-978.5714286	1.2	2.84
-976.1904762	1.2	2.84
-973.8095238	1.2	2.84
-971.4285714	1.2	2.84
-969.047619	1.28	2.84
-966.6666667	1.2	2.84
-964.2857143	1.2	2.84
-961.9047619	1.28	2.84
-959.5238095	1.36	2.84
-957.1428571	1.28	2.8
-954.7619048	1.28	2.8
-952.3809524	1.36	2.8
-950	1.36	2.8
-947.6190476	1.36	2.8
-945.2380952	1.36	2.8
-942.8571429	1.36	2.8
-940.4761905	1.44	2.8
-938.0952381	1.44	2.8
-935.7142857	1.52	2.8
-933.3333333	1.44	2.8
-930.952381	1.52	2.76
-928.5714286	1.6	2.76
-926.1904762	1.52	2.76
-923.8095238	1.6	2.76
-921.4285714	1.6	2.72
-919.047619	1.6	2.76
-916.6666667	1.6	2.72
-914.2857143	1.6	2.72
-911.9047619	1.76	2.72
-909.5238095	1.6	2.72
-907.1428571	1.76	2.72
-904.7619048	1.76	2.72
-902.3809524	1.68	2.68
-900	1.76	2.72
-897.6190476	1.84	2.72
-895.2380952	1.84	2.68
-892.8571429	1.84	2.68
-890.4761905	1.76	2.68
-888.0952381	1.92	2.68
-885.7142857	1.92	2.68
-883.3333333	1.92	2.64
-880.952381	1.84	2.68
-878.5714286	2	2.64
-876.1904762	1.92	2.64
-873.8095238	2.08	2.64
-871.4285714	2	2.64
-869.047619	2.08	2.6
-866.6666667	2.16	2.6
-864.2857143	2.08	2.64
-861.9047619	2.08	2.6
-859.5238095	2.16	2.6
-857.1428571	2.16	2.56
-854.7619048	2.16	2.6
-852.3809524	2.16	2.56
-850	2.24	2.56
-847.6190476	2.16	2.56
-845.2380952	2.24	2.56
-842.8571429	2.24	2.56
-840.4761905	2.32	2.56
-838.0952381	2.32	2.52
-835.7142857	2.32	2.52
-833.3333333	2.4	2.52
-830.952381	2.4	2.52
-828.5714286	2.4	2.52
-826.1904762	2.4	2.52
-823.8095238	2.4	2.52
-821.4285714	2.48	2.52
-819.047619	2.4	2.48
-816.6666667	2.48	2.48
-814.2857143	2.56	2.48
-811.9047619	2.48	2.48
-809.5238095	2.56	2.48
-807.1428571	2.56	2.44
-804.7619048	2.64	2.44
-802.3809524	2.64	2.44
-800	2.64	2.44
-797.6190476	2.64	2.44
-795.2380952	2.72	2.44
-792.8571429	2.72	2.4
-790.4761905	2.72	2.4
-788.0952381	2.72	2.4
-785.7142857	2.72	2.4
-783.3333333	2.72	2.36
-780.952381	2.8	2.36
-778.5714286	2.8	2.36
-776.1904762	2.88	2.32
-773.8095238	2.88	2.36
-771.4285714	2.88	2.36
-769.047619	2.96	2.32
-766.6666667	3.04	2.32
-764.2857143	2.96	2.32
-761.9047619	2.96	2.32
-759.5238095	3.04	2.28
-757.1428571	2.96	2.32
-754.7619048	3.04	2.32
-752.3809524	3.12	2.28
-750	3.12	2.28
-747.6190476	3.12	2.32
-745.2380952	3.12	2.28
-742.8571429	3.12	2.28
-740.4761905	3.2	2.24
-738.0952381	3.2	2.24
-735.7142857	3.28	2.24
-733.3333333	3.2	2.2
-730.952381	3.2	2.2
-728.5714286	3.28	2.2
-726.1904762	3.28	2.2
-723.8095238	3.28	2.16
-721.4285714	3.36	2.16
-719.047619	3.28	2.16
-716.6666667	3.44	2.16
-714.2857143	3.36	2.12
-711.9047619	3.36	2.16
-709.5238095	3.44	2.12
-707.1428571	3.44	2.12
-704.7619048	3.52	2.12
-702.3809524	3.44	2.08
-700	3.52	2.08
-697.6190476	3.52	2.08
-695.2380952	3.52	2.08
-692.8571429	3.52	2.04
-690.4761905	3.52	2.08
-688.0952381	3.6	2.04
-685.7142857	3.68	2.04
-683.3333333	3.68	2.04
-680.952381	3.68	2.04
-678.5714286	3.68	2
-676.1904762	3.68	2
-673.8095238	3.76	2
-671.4285714	3.68	2
-669.047619	3.68	2
-666.6666667	3.84	1.96
-664.2857143	3.68	1.96
-661.9047619	3.76	1.92
-659.5238095	3.76	1.92
-657.1428571	3.76	1.92
-654.7619048	3.84	1.92
-652.3809524	3.76	1.92
-650	3.84	1.92
-647.6190476	3.76	1.88
-645.2380952	3.84	1.88
-642.8571429	3.84	1.84
-640.4761905	3.92	1.84
-638.0952381	3.92	1.88
-635.7142857	3.92	1.84
-633.3333333	4	1.84
-630.952381	4	1.8
-628.5714286	3.92	1.8
-626.1904762	4	1.8
-623.8095238	4	1.8
-621.4285714	4	1.8
-619.047619	4	1.8
-616.6666667	4	1.8
-614.2857143	4.08	1.8
-611.9047619	4.08	1.76
-609.5238095	4	1.76
-607.1428571	4.08	1.76
-604.7619048	4.08	1.76
-602.3809524	4.08	1.72
-600	4.16	1.72
-597.6190476	4.08	1.68
-595.2380952	4.08	1.68
-592.8571429	4.08	1.68
-590.4761905	4.16	1.68
-588.0952381	4.16	1.64
-585.7142857	4.16	1.68
-583.3333333	4.16	1.64
-580.952381	4.16	1.64
-578.5714286	4.24	1.64
-576.1904762	4.24	1.6
-573.8095238	4.24	1.6
-571.4285714	4.24	1.6
-569.047619	4.24	1.6
-566.6666667	4.24	1.56
-564.2857143	4.16	1.6
-561.9047619	4.24	1.56
-559.5238095	4.24	1.56
-557.1428571	4.24	1.52
-554.7619048	4.24	1.52
-552.3809524	4.24	1.52
-550	4.24	1.52
-547.6190476	4.24	1.52
-545.2380952	4.24	1.52
-542.8571429	4.24	1.48
-540.4761905	4.32	1.48
-538.0952381	4.24	1.48
-535.7142857	4.24	1.44
-533.3333333	4.24	1.44
-530.952381	4.24	1.44
-528.5714286	4.24	1.44
-526.1904762	4.32	1.4
-523.8095238	4.24	1.4
-521.4285714	4.24	1.4
-519.047619	4.32	1.36
-516.6666667	4.32	1.36
-514.2857143	4.32	1.36
-511.9047619	4.24	1.32
-509.5238095	4.32	1.36
-507.1428571	4.32	1.36
-504.7619048	4.32	1.32
-502.3809524	4.32	1.32
-500	4.32	1.28
-497.6190476	4.32	1.28
-495.2380952	4.24	1.28
-492.8571429	4.24	1.28
-490.4761905	4.24	1.28
-488.0952381	4.24	1.28
-485.7142857	4.24	1.24
-483.3333333	4.32	1.24
-480.952381	4.32	1.24
-478.5714286	4.24	1.24
-476.1904762	4.24	1.24
-473.8095238	4.24	1.24
-471.4285714	4.24	1.2
-469.047619	4.24	1.2
-466.6666667	4.24	1.16
-464.2857143	4.24	1.2
-461.9047619	4.24	1.16
-459.5238095	4.24	1.16
-457.1428571	4.24	1.16
-454.7619048	4.24	1.16
-452.3809524	4.16	1.16
-450	4.24	1.12
-447.6190476	4.24	1.12
-445.2380952	4.24	1.12
-442.8571429	4.24	1.12
-440.4761905	4.16	1.08
-438.0952381	4.24	1.12
-435.7142857	4.16	1.08
-433.3333333	4.08	1.08
-430.952381	4.16	1.08
-428.5714286	4.16	1.04
-426.1904762	4.16	1.08
-423.8095238	4.16	1.08
-421.4285714	4.08	1.04
-419.047619	4.08	1.04
-416.6666667	4.08	1
-414.2857143	4.08	1.04
-411.9047619	4.08	1.04
-409.5238095	4.08	1
-407.1428571	4.08	1
-404.7619048	4.08	1
-402.3809524	4	0.96
-400	4	0.96
-397.6190476	3.92	0.96
-395.2380952	3.92	0.96
-392.8571429	3.92	0.96
-390.4761905	4	0.96
-388.0952381	3.84	0.96
-385.7142857	3.92	0.96
-383.3333333	3.92	0.92
-380.952381	3.92	0.88
-378.5714286	3.84	0.92
-376.1904762	3.84	0.92
-373.8095238	3.84	0.88
-371.4285714	3.84	0.88
-369.047619	3.76	0.88
-366.6666667	3.84	0.88
-364.2857143	3.76	0.84
-361.9047619	3.76	0.84
-359.5238095	3.76	0.84
-357.1428571	3.76	0.84
-354.7619048	3.76	0.84
-352.3809524	3.76	0.84
-350	3.68	0.8
-347.6190476	3.68	0.8
-345.2380952	3.68	0.8
-342.8571429	3.68	0.8
-340.4761905	3.6	0.8
-338.0952381	3.68	0.8
-335.7142857	3.68	0.8
-333.3333333	3.6	0.76
-330.952381	3.6	0.76
-328.5714286	3.52	0.76
-326.1904762	3.6	0.76
-323.8095238	3.52	0.76
-321.4285714	3.44	0.76
-319.047619	3.52	0.76
-316.6666667	3.44	0.76
-314.2857143	3.44	0.72
-311.9047619	3.44	0.72
-309.5238095	3.44	0.72
-307.1428571	3.44	0.72
-304.7619048	3.36	0.68
-302.3809524	3.36	0.72
-300	3.28	0.72
-297.6190476	3.28	0.68
-295.2380952	3.28	0.68
-292.8571429	3.28	0.68
-290.4761905	3.2	0.68
-288.0952381	3.2	0.68
-285.7142857	3.12	0.68
-283.3333333	3.12	0.64
-280.952381	3.12	0.68
-278.5714286	3.04	0.64
-276.1904762	3.12	0.6
-273.8095238	3.12	0.64
-271.4285714	3.04	0.64
-269.047619	2.96	0.64
-266.6666667	2.96	0.6
-264.2857143	2.96	0.6
-261.9047619	2.96	0.6
-259.5238095	2.96	0.64
-257.1428571	2.88	0.6
-254.7619048	2.96	0.6
-252.3809524	2.88	0.6
-250	2.8	0.6
-247.6190476	2.88	0.6
-245.2380952	2.8	0.6
-242.8571429	2.72	0.56
-240.4761905	2.72	0.56
-238.0952381	2.8	0.56
-235.7142857	2.64	0.56
-233.3333333	2.64	0.56
-230.952381	2.56	0.6
-228.5714286	2.64	0.52
-226.1904762	2.56	0.56
-223.8095238	2.56	0.52
-221.4285714	2.56	0.52
-219.047619	2.56	0.52
-216.6666667	2.48	0.52
-214.2857143	2.4	0.52
-211.9047619	2.48	0.52
-209.5238095	2.4	0.56
-207.1428571	2.4	0.52
-204.7619048	2.4	0.52
-202.3809524	2.4	0.52
-200	2.32	0.48
-197.6190476	2.24	0.48
-195.2380952	2.32	0.52
-192.8571429	2.32	0.52
-190.4761905	2.24	0.48
-188.0952381	2.24	0.48
-185.7142857	2.16	0.48
-183.3333333	2.16	0.48
-180.952381	2.16	0.48
-178.5714286	2.08	0.48
-176.1904762	2	0.48
-173.8095238	2.08	0.48
-171.4285714	2	0.48
-169.047619	2	0.44
-166.6666667	1.92	0.44
-164.2857143	1.92	0.48
-161.9047619	1.92	0.44
-159.5238095	1.92	0.44
-157.1428571	1.84	0.44
-154.7619048	1.84	0.44
-152.3809524	1.76	0.44
-150	1.76	0.44
-147.6190476	1.76	0.44
-145.2380952	1.76	0.44
-142.8571429	1.68	0.44
-140.4761905	1.68	0.44
-138.0952381	1.6	0.44
-135.7142857	1.6	0.44
-133.3333333	1.6	0.44
-130.952381	1.6	0.44
-128.5714286	1.6	0.4
-126.1904762	1.52	0.44
-123.8095238	1.52	0.4
-121.4285714	1.44	0.44
-119.047619	1.44	0.44
-116.6666667	1.44	0.44
-114.2857143	1.44	0.4
-111.9047619	1.36	0.4
-109.5238095	1.28	0.44
-107.1428571	1.28	0.4
-104.7619048	1.28	0.44
-102.3809524	1.28	0.4
-100	1.28	0.4
-97.61904762	1.2	0.4
-95.23809524	1.2	0.4
-92.85714286	1.12	0.4
-90.47619048	1.12	0.4
-88.0952381	1.12	0.4
-85.71428571	1.04	0.4
-83.33333333	1.04	0.4
-80.95238095	1.04	0.4
-78.57142857	1.04	0.4
-76.19047619	0.96	0.4
-73.80952381	0.96	0.4
-71.42857143	0.96	0.4
-69.04761905	0.88	0.4
-66.66666667	0.88	0.4
-64.28571429	0.8	0.4
-61.9047619	0.88	0.4
-59.52380952	0.8	0.4
-57.14285714	0.8	0.4
-54.76190476	0.72	0.4
-52.38095238	0.72	0.4
-50	0.72	0.4
-47.61904762	0.72	0.4
-45.23809524	0.72	0.4
-42.85714286	0.64	0.4
-40.47619048	0.64	0.4
-38.0952381	0.56	0.4
-35.71428571	0.56	0.4
-33.33333333	0.56	0.4
-30.95238095	0.56	0.4
-28.57142857	0.48	0.4
-26.19047619	0.4	0.4
-23.80952381	0.4	0.4
-21.42857143	0.32	0.4
-19.04761905	0.32	0.4
-16.66666667	0.32	0.4
-14.28571429	0.32	0.4
-11.9047619	0.32	0.4
-9.523809524	0.24	0.4
-7.142857143	0.24	0.4
-4.761904762	0.16	0.4
-2.380952381	0.24	0.4
0	0.16	0.4
2.380952381	0.16	0.4
4.761904762	0.16	0.4
7.142857143	0.08	0.4
9.523809524	0	0.4
11.9047619	0.08	0.4
14.28571429	0	0.4
16.66666667	0	0.4
19.04761905	0	0.44
21.42857143	-0.08	0.44
23.80952381	-0.08	0.44
26.19047619	-0.16	0.4
28.57142857	-0.16	0.44
30.95238095	-0.24	0.44
33.33333333	-0.24	0.4
35.71428571	-0.24	0.44
38.0952381	-0.24	0.4
40.47619048	-0.32	0.44
42.85714286	-0.32	0.44
45.23809524	-0.4	0.44
47.61904762	-0.4	0.44
50	-0.4	0.44
52.38095238	-0.4	0.44
54.76190476	-0.48	0.4
57.14285714	-0.48	0.4
59.52380952	-0.56	0.4
61.9047619	-0.56	0.44
64.28571429	-0.56	0.44
66.66666667	-0.56	0.4
69.04761905	-0.64	0.44
71.42857143	-0.56	0.4
73.80952381	-0.64	0.4
76.19047619	-0.72	0.4
78.57142857	-0.64	0.4
80.95238095	-0.8	0.4
83.33333333	-0.8	0.4
85.71428571	-0.8	0.4
88.0952381	-0.8	0.4
90.47619048	-0.88	0.44
92.85714286	-0.88	0.4
95.23809524	-0.88	0.4
97.61904762	-0.96	0.4
100	-0.96	0.4
102.3809524	-0.96	0.4
104.7619048	-0.96	0.4
107.1428571	-1.04	0.4
109.5238095	-1.12	0.4
111.9047619	-1.04	0.4
114.2857143	-1.12	0.4
116.6666667	-1.04	0.4
119.047619	-1.12	0.4
121.4285714	-1.12	0.4
123.8095238	-1.2	0.4
126.1904762	-1.12	0.4
128.5714286	-1.2	0.4
130.952381	-1.2	0.4
133.3333333	-1.36	0.4
135.7142857	-1.36	0.4
138.0952381	-1.36	0.4
140.4761905	-1.36	0.4
142.8571429	-1.44	0.4
145.2380952	-1.44	0.4
147.6190476	-1.44	0.4
150	-1.44	0.4
152.3809524	-1.44	0.4
154.7619048	-1.52	0.4
157.1428571	-1.6	0.4
159.5238095	-1.52	0.4
161.9047619	-1.6	0.4
164.2857143	-1.6	0.4
166.6666667	-1.6	0.44
169.047619	-1.68	0.44
171.4285714	-1.68	0.44
173.8095238	-1.68	0.44
176.1904762	-1.68	0.44
178.5714286	-1.68	0.44
180.952381	-1.76	0.44
183.3333333	-1.76	0.44
185.7142857	-1.76	0.44
188.0952381	-1.68	0.44
190.4761905	-1.84	0.44
192.8571429	-1.76	0.44
195.2380952	-1.92	0.44
197.6190476	-1.92	0.44
200	-1.92	0.44
202.3809524	-1.92	0.44
204.7619048	-1.92	0.44
207.1428571	-1.92	0.44
209.5238095	-2	0.44
211.9047619	-2.08	0.48
214.2857143	-2.08	0.48
216.6666667	-2.08	0.48
219.047619	-2.08	0.48
221.4285714	-2.08	0.44
223.8095238	-2.16	0.48
226.1904762	-2.16	0.48
228.5714286	-2.16	0.48
230.952381	-2.16	0.48
233.3333333	-2.24	0.48
235.7142857	-2.24	0.48
238.0952381	-2.16	0.48
240.4761905	-2.32	0.48
242.8571429	-2.32	0.48
245.2380952	-2.32	0.48
247.6190476	-2.4	0.48
250	-2.4	0.48
252.3809524	-2.4	0.48
254.7619048	-2.4	0.48
257.1428571	-2.4	0.52
259.5238095	-2.4	0.52
261.9047619	-2.48	0.52
264.2857143	-2.48	0.52
266.6666667	-2.48	0.52
269.047619	-2.56	0.52
271.4285714	-2.48	0.56
273.8095238	-2.48	0.56
276.1904762	-2.56	0.52
278.5714286	-2.56	0.56
280.952381	-2.56	0.56
283.3333333	-2.64	0.56
285.7142857	-2.64	0.56
288.0952381	-2.64	0.56
290.4761905	-2.72	0.56
292.8571429	-2.64	0.56
295.2380952	-2.72	0.6
297.6190476	-2.8	0.56
300	-2.72	0.56
302.3809524	-2.8	0.6
304.7619048	-2.8	0.6
307.1428571	-2.8	0.6
309.5238095	-2.88	0.6
311.9047619	-2.8	0.6
314.2857143	-2.8	0.6
316.6666667	-2.88	0.6
319.047619	-2.88	0.64
321.4285714	-2.88	0.6
323.8095238	-2.96	0.6
326.1904762	-2.96	0.6
328.5714286	-2.96	0.64
330.952381	-2.96	0.64
333.3333333	-2.96	0.64
335.7142857	-3.04	0.64
338.0952381	-3.04	0.64
340.4761905	-3.04	0.64
342.8571429	-3.04	0.68
345.2380952	-3.04	0.68
347.6190476	-3.04	0.68
350	-3.04	0.68
352.3809524	-3.12	0.68
354.7619048	-3.04	0.68
357.1428571	-3.04	0.72
359.5238095	-3.04	0.72
361.9047619	-3.12	0.72
364.2857143	-3.12	0.72
366.6666667	-3.12	0.72
369.047619	-3.12	0.72
371.4285714	-3.04	0.76
373.8095238	-3.2	0.76
376.1904762	-3.2	0.76
378.5714286	-3.2	0.76
380.952381	-3.2	0.76
383.3333333	-3.2	0.76
385.7142857	-3.28	0.76
388.0952381	-3.2	0.8
390.4761905	-3.2	0.76
392.8571429	-3.28	0.8
395.2380952	-3.28	0.8
397.6190476	-3.28	0.8
400	-3.2	0.8
402.3809524	-3.28	0.8
404.7619048	-3.28	0.84
407.1428571	-3.28	0.8
409.5238095	-3.36	0.84
411.9047619	-3.28	0.8
414.2857143	-3.28	0.84
416.6666667	-3.36	0.88
419.047619	-3.36	0.84
421.4285714	-3.36	0.88
423.8095238	-3.28	0.88
426.1904762	-3.36	0.88
428.5714286	-3.28	0.88
430.952381	-3.36	0.92
433.3333333	-3.36	0.92
435.7142857	-3.44	0.88
438.0952381	-3.36	0.92
440.4761905	-3.36	0.92
442.8571429	-3.28	0.92
445.2380952	-3.36	0.92
447.6190476	-3.36	0.92
450	-3.44	0.96
452.3809524	-3.36	0.96
454.7619048	-3.44	0.96
457.1428571	-3.36	0.96
459.5238095	-3.36	1
461.9047619	-3.36	1
464.2857143	-3.36	0.96
466.6666667	-3.44	1
469.047619	-3.36	1
471.4285714	-3.36	1.04
473.8095238	-3.44	1
476.1904762	-3.36	1.04
478.5714286	-3.36	1.04
480.952381	-3.44	1.04
483.3333333	-3.44	1.04
485.7142857	-3.36	1.04
488.0952381	-3.36	1.08
490.4761905	-3.36	1.08
492.8571429	-3.36	1.08
495.2380952	-3.28	1.12
497.6190476	-3.36	1.12
500	-3.36	1.12
502.3809524	-3.36	1.12
504.7619048	-3.36	1.12
507.1428571	-3.36	1.16
509.5238095	-3.36	1.12
511.9047619	-3.36	1.16
514.2857143	-3.36	1.16
516.6666667	-3.36	1.16
519.047619	-3.36	1.16
521.4285714	-3.28	1.16
523.8095238	-3.36	1.16
526.1904762	-3.28	1.16
528.5714286	-3.28	1.2
530.952381	-3.28	1.2
533.3333333	-3.28	1.2
535.7142857	-3.28	1.2
538.0952381	-3.2	1.24
540.4761905	-3.2	1.24
542.8571429	-3.28	1.24
545.2380952	-3.28	1.24
547.6190476	-3.2	1.24
550	-3.2	1.24
552.3809524	-3.2	1.28
554.7619048	-3.2	1.28
557.1428571	-3.2	1.28
559.5238095	-3.2	1.32
561.9047619	-3.12	1.32
564.2857143	-3.12	1.32
566.6666667	-3.2	1.32
569.047619	-3.12	1.32
571.4285714	-3.12	1.32
573.8095238	-3.12	1.32
576.1904762	-3.12	1.36
578.5714286	-3.04	1.4
580.952381	-3.04	1.36
583.3333333	-3.04	1.4
585.7142857	-3.04	1.4
588.0952381	-3.04	1.4
590.4761905	-3.04	1.4
592.8571429	-3.04	1.44
595.2380952	-3.04	1.44
597.6190476	-3.04	1.44
600	-2.96	1.48
602.3809524	-2.88	1.44
604.7619048	-2.96	1.48
607.1428571	-2.88	1.48
609.5238095	-2.88	1.48
611.9047619	-2.88	1.52
614.2857143	-2.88	1.52
616.6666667	-2.88	1.52
619.047619	-2.8	1.52
621.4285714	-2.8	1.52
623.8095238	-2.8	1.52
626.1904762	-2.72	1.56
628.5714286	-2.72	1.56
630.952381	-2.72	1.56
633.3333333	-2.72	1.56
635.7142857	-2.64	1.56
638.0952381	-2.72	1.6
640.4761905	-2.72	1.6
642.8571429	-2.64	1.6
645.2380952	-2.56	1.64
647.6190476	-2.64	1.6
650	-2.56	1.64
652.3809524	-2.56	1.64
654.7619048	-2.56	1.68
657.1428571	-2.48	1.64
659.5238095	-2.48	1.68
661.9047619	-2.48	1.68
664.2857143	-2.4	1.68
666.6666667	-2.48	1.68
669.047619	-2.4	1.72
671.4285714	-2.4	1.72
673.8095238	-2.4	1.72
676.1904762	-2.4	1.72
678.5714286	-2.32	1.76
680.952381	-2.24	1.76
683.3333333	-2.24	1.76
685.7142857	-2.24	1.76
688.0952381	-2.24	1.76
690.4761905	-2.24	1.76
692.8571429	-2.08	1.8
695.2380952	-2.16	1.8
697.6190476	-2.08	1.8
700	-2.08	1.8
702.3809524	-2.08	1.84
704.7619048	-2	1.84
707.1428571	-2.08	1.84
709.5238095	-2	1.84
711.9047619	-1.92	1.84
714.2857143	-1.92	1.84
716.6666667	-1.92	1.84
719.047619	-1.92	1.88
721.4285714	-1.84	1.88
723.8095238	-1.84	1.88
726.1904762	-1.76	1.88
728.5714286	-1.68	1.88
730.952381	-1.76	1.92
733.3333333	-1.68	1.92
735.7142857	-1.68	1.92
738.0952381	-1.68	1.96
740.4761905	-1.6	1.96
742.8571429	-1.68	1.92
745.2380952	-1.6	1.96
747.6190476	-1.52	1.96
750	-1.52	1.96
752.3809524	-1.52	2
754.7619048	-1.52	2
757.1428571	-1.52	2
759.5238095	-1.44	2
761.9047619	-1.36	2
764.2857143	-1.36	2
766.6666667	-1.44	2
769.047619	-1.36	2.04
771.4285714	-1.36	2.04
773.8095238	-1.28	2.04
776.1904762	-1.28	2.04
778.5714286	-1.2	2.08
780.952381	-1.12	2.04
783.3333333	-1.2	2.08
785.7142857	-1.12	2.08
788.0952381	-1.2	2.08
790.4761905	-1.12	2.08
792.8571429	-1.04	2.12
795.2380952	-1.04	2.12
797.6190476	-1.04	2.12
800	-0.96	2.12
802.3809524	-0.96	2.16
804.7619048	-0.96	2.12
807.1428571	-0.96	2.16
809.5238095	-0.88	2.16
811.9047619	-0.8	2.16
814.2857143	-0.8	2.16
816.6666667	-0.8	2.2
819.047619	-0.8	2.2
821.4285714	-0.72	2.2
823.8095238	-0.8	2.2
826.1904762	-0.64	2.2
828.5714286	-0.64	2.24
830.952381	-0.56	2.24
833.3333333	-0.64	2.24
835.7142857	-0.56	2.24
838.0952381	-0.48	2.28
840.4761905	-0.48	2.24
842.8571429	-0.48	2.28
845.2380952	-0.48	2.28
847.6190476	-0.4	2.28
850	-0.4	2.28
852.3809524	-0.4	2.28
854.7619048	-0.32	2.28
857.1428571	-0.32	2.32
859.5238095	-0.24	2.32
861.9047619	-0.32	2.32
864.2857143	-0.24	2.32
866.6666667	-0.16	2.32
869.047619	-0.08	2.36
871.4285714	-0.16	2.32
873.8095238	-0.08	2.36
876.1904762	-0.08	2.36
878.5714286	-0.08	2.36
880.952381	0	2.36
883.3333333	-0.08	2.36
885.7142857	0	2.36
888.0952381	0.08	2.4
890.4761905	0.08	2.4
892.8571429	0.16	2.36
895.2380952	0.16	2.4
897.6190476	0.16	2.4
900	0.16	2.4
902.3809524	0.24	2.4
904.7619048	0.24	2.44
907.1428571	0.32	2.44
909.5238095	0.32	2.44
911.9047619	0.32	2.44
914.2857143	0.4	2.44
916.6666667	0.4	2.44
919.047619	0.4	2.44
921.4285714	0.4	2.44
923.8095238	0.48	2.48
926.1904762	0.56	2.48
928.5714286	0.56	2.48
930.952381	0.56	2.48
933.3333333	0.56	2.48
935.7142857	0.64	2.48
938.0952381	0.64	2.52
940.4761905	0.64	2.52
942.8571429	0.64	2.52
945.2380952	0.72	2.52
947.6190476	0.72	2.52
950	0.8	2.52
952.3809524	0.72	2.56
954.7619048	0.8	2.52
957.1428571	0.8	2.52
959.5238095	0.8	2.56
961.9047619	0.88	2.56
964.2857143	0.96	2.52
966.6666667	0.96	2.52
969.047619	0.96	2.56
971.4285714	0.96	2.56
973.8095238	0.96	2.56
976.1904762	0.96	2.56
978.5714286	1.04	2.56
980.952381	1.04	2.56
983.3333333	1.04	2.56
985.7142857	1.04	2.6
988.0952381	1.04	2.6
990.4761905	1.2	2.6
992.8571429	1.12	2.6
995.2380952	1.12	2.6
997.6190476	1.28	2.6
1000	1.28	2.6
1002.380952	1.28	2.6
1004.761905	1.2	2.6
1007.142857	1.28	2.64
1009.52381	1.28	2.64
1011.904762	1.28	2.6
1014.285714	1.36	2.64
1016.666667	1.44	2.64
1019.047619	1.36	2.64
1021.428571	1.44	2.64
1023.809524	1.44	2.64
1026.190476	1.52	2.64
1028.571429	1.52	2.64
1030.952381	1.44	2.64
1033.333333	1.6	2.68
1035.714286	1.52	2.68
1038.095238	1.6	2.68
1040.47619	1.6	2.68
1042.857143	1.6	2.68
1045.238095	1.6	2.68
1047.619048	1.6	2.68
1050	1.76	2.68
1052.380952	1.76	2.72
1054.761905	1.68	2.72
1057.142857	1.76	2.72
1059.52381	1.76	2.72
1061.904762	1.84	2.72
1064.285714	1.84	2.72
1066.666667	1.84	2.72
1069.047619	1.84	2.72
1071.428571	1.84	2.72
1073.809524	1.92	2.72
1076.190476	1.84	2.72
1078.571429	1.92	2.72
1080.952381	1.92	2.72
1083.333333	2	2.72
1085.714286	1.92	2.72
1088.095238	2	2.72
1090.47619	2	2.72
1092.857143	2	2.76
1095.238095	2.08	2.72
1097.619048	2	2.76
1100	2.16	2.76
1102.380952	2.08	2.76
1104.761905	2.08	2.76
1107.142857	2.16	2.76
1109.52381	2.16	2.76
1111.904762	2.16	2.76
1114.285714	2.08	2.76
1116.666667	2.16	2.76
1119.047619	2.16	2.76
1121.428571	2.16	2.76
1123.809524	2.16	2.76
1126.190476	2.24	2.8
1128.571429	2.32	2.8
1130.952381	2.32	2.8
1133.333333	2.32	2.8
1135.714286	2.24	2.8
1138.095238	2.32	2.8
1140.47619	2.4	2.8
1142.857143	2.4	2.8
1145.238095	2.32	2.8
1147.619048	2.4	2.8
1150	2.4	2.8
1152.380952	2.32	2.8
1154.761905	2.4	2.84
1157.142857	2.4	2.84
1159.52381	2.4	2.8
1161.904762	2.4	2.8
1164.285714	2.48	2.8
1166.666667	2.56	2.8
1169.047619	2.48	2.8
1171.428571	2.48	2.8
1173.809524	2.48	2.8
1176.190476	2.56	2.8
1178.571429	2.48	2.84
1180.952381	2.56	2.8
1183.333333	2.56	2.84
1185.714286	2.56	2.84
1188.095238	2.56	2.84
1190.47619	2.56	2.84
1192.857143	2.64	2.84
1195.238095	2.64	2.84
1197.619048	2.64	2.84
1200	2.64	2.84
1202.380952	2.72	2.84
1204.761905	2.72	2.84
1207.142857	2.64	2.84
1209.52381	2.72	2.84
1211.904762	2.72	2.84
1214.285714	2.72	2.88
1216.666667	2.72	2.84
1219.047619	2.72	2.84
1221.428571	2.72	2.84
1223.809524	2.72	2.84
1226.190476	2.64	2.84
1228.571429	2.72	2.84
1230.952381	2.72	2.88
1233.333333	2.72	2.84
1235.714286	2.8	2.88
1238.095238	2.72	2.88
1240.47619	2.8	2.88
1242.857143	2.88	2.88
1245.238095	2.8	2.84
1247.619048	2.88	2.88
1250	2.8	2.88
1252.380952	2.8	2.88
1254.761905	2.8	2.84
1257.142857	2.88	2.88
1259.52381	2.8	2.88
1261.904762	2.88	2.88
1264.285714	2.88	2.88
1266.666667	2.88	2.88
1269.047619	2.88	2.88
1271.428571	2.88	2.88
1273.809524	2.88	2.88
1276.190476	2.96	2.88
1278.571429	2.96	2.88
1280.952381	2.88	2.88
1283.333333	2.96	2.88
1285.714286	2.88	2.92
1288.095238	2.96	2.88
1290.47619	2.96	2.88
1292.857143	3.04	2.88
1295.238095	2.96	2.88
1297.619048	3.04	2.88
1300	2.96	2.92
1302.380952	3.12	2.88
1304.761905	3.12	2.88
1307.142857	3.04	2.92
1309.52381	3.04	2.92
1311.904762	2.96	2.92
1314.285714	2.96	2.92
1316.666667	2.96	2.92
1319.047619	3.04	2.92
1321.428571	3.12	2.92
1323.809524	3.12	2.92
1326.190476	3.04	2.92
1328.571429	3.12	2.92
1330.952381	3.12	2.92
1333.333333	3.04	2.92
1335.714286	3.04	2.92
1338.095238	3.12	2.92
1340.47619	3.12	2.92
1342.857143	3.04	2.88
1345.238095	3.2	2.88
1347.619048	3.12	2.92
1350	3.12	2.92
1352.380952	3.2	2.92
1354.761905	3.12	2.92
1357.142857	3.12	2.92
1359.52381	3.12	2.92
1361.904762	3.2	2.92
1364.285714	3.12	2.96
1366.666667	3.2	2.92
1369.047619	3.12	2.92
1371.428571	3.2	2.92
1373.809524	3.2	2.92
1376.190476	3.2	2.92
1378.571429	3.2	2.96
1380.952381	3.28	2.92
1383.333333	3.2	2.92
1385.714286	3.2	2.92
1388.095238	3.2	2.92
1390.47619	3.28	2.92
1392.857143	3.2	2.92
1395.238095	3.2	2.92
1397.619048	3.2	2.92
1400	3.2	2.96
1402.380952	3.2	2.96
1404.761905	3.2	2.92
1407.142857	3.28	2.92
1409.52381	3.28	2.96
1411.904762	3.28	2.92
1414.285714	3.28	2.92
1416.666667	3.2	2.96
1419.047619	3.2	2.92
1421.428571	3.28	2.92
1423.809524	3.28	2.92
1426.190476	3.36	2.92
1428.571429	3.28	2.92
1430.952381	3.28	2.92
1433.333333	3.28	2.92
1435.714286	3.28	2.92
1438.095238	3.36	2.96
1440.47619	3.28	2.92
1442.857143	3.28	2.92
1445.238095	3.28	2.92
1447.619048	3.28	2.92
1450	3.28	2.96
1452.380952	3.28	2.92
1454.761905	3.28	2.96
1457.142857	3.28	2.92
1459.52381	3.28	2.92
1461.904762	3.28	2.96
1464.285714	3.28	2.92
1466.666667	3.28	2.96
1469.047619	3.28	2.92
1471.428571	3.28	2.92
1473.809524	3.28	2.92
1476.190476	3.36	2.92
1478.571429	3.28	2.96
1480.952381	3.28	2.96
1483.333333	3.28	2.92
1485.714286	3.36	2.92
1488.095238	3.36	2.92
1490.47619	3.28	2.96
1492.857143	3.36	2.92
1495.238095	3.28	2.92
1497.619048	3.28	2.92
1500	3.44	2.96
1502.380952	3.36	2.92
1504.761905	3.36	2.92
1507.142857	3.28	2.92
1509.52381	3.44	2.96
1511.904762	3.36	2.92
1514.285714	3.44	2.96
1516.666667	3.28	2.92
1519.047619	3.44	2.92
1521.428571	3.36	2.96
1523.809524	3.36	2.96
1526.190476	3.28	2.96
1528.571429	3.36	2.96
1530.952381	3.36	2.96
1533.333333	3.44	2.92
1535.714286	3.28	2.96
1538.095238	3.36	2.92
1540.47619	3.44	2.96
1542.857143	3.28	2.92
1545.238095	3.44	2.92
1547.619048	3.44	2.96
1550	3.44	2.92
1552.380952	3.44	2.96
1554.761905	3.52	2.92
1557.142857	3.44	2.92
1559.52381	3.36	2.92
1561.904762	3.44	2.96
1564.285714	3.44	2.96
1566.666667	3.44	2.92
1569.047619	3.36	2.92
1571.428571	3.36	2.96
1573.809524	3.36	2.96
1576.190476	3.44	2.96
1578.571429	3.36	2.96
1580.952381	3.44	2.92
1583.333333	3.44	2.96
1585.714286	3.44	2.92
1588.095238	3.36	2.96
1590.47619	3.44	2.96
1592.857143	3.44	2.92
1595.238095	3.44	2.96
1597.619048	3.44	2.92
1600	3.44	2.96
1602.380952	3.44	2.92
1604.761905	3.44	2.92
1607.142857	3.52	2.96
1609.52381	3.52	2.92
1611.904762	3.44	2.92
1614.285714	3.52	2.92
1616.666667	3.44	2.92
1619.047619	3.44	2.96
1621.428571	3.52	2.92
1623.809524	3.44	2.96
1626.190476	3.36	2.96
1628.571429	3.36	2.92
1630.952381	3.52	2.96
1633.333333	3.36	2.96
1635.714286	3.52	2.96
1638.095238	3.44	2.96
1640.47619	3.44	2.96
1642.857143	3.44	2.96
1645.238095	3.52	2.92
1647.619048	3.52	2.96
1650	3.44	2.96
1652.380952	3.52	2.92
1654.761905	3.44	2.92
1657.142857	3.44	2.96
1659.52381	3.52	2.92
1661.904762	3.52	2.92
1664.285714	3.52	2.96
1666.666667	3.52	2.96
1669.047619	3.52	2.96
1671.428571	3.52	2.92
1673.809524	3.52	2.96
1676.190476	3.44	2.96
1678.571429	3.44	2.96
1680.952381	3.52	2.96
1683.333333	3.52	2.96
1685.714286	3.52	2.96
1688.095238	3.52	2.92
1690.47619	3.52	2.96
1692.857143	3.52	2.92
1695.238095	3.44	2.92
1697.619048	3.6	2.92
1700	3.6	2.96
1702.380952	3.52	2.96
1704.761905	3.52	2.92
1707.142857	3.6	2.96
1709.52381	3.44	2.96
1711.904762	3.52	2.92
1714.285714	3.52	2.96
1716.666667	3.52	2.96
1719.047619	3.52	2.92
1721.428571	3.44	2.96
1723.809524	3.52	2.96
1726.190476	3.44	2.96
1728.571429	3.52	2.96
1730.952381	3.52	2.96
1733.333333	3.52	2.92
1735.714286	3.52	2.92
1738.095238	3.52	2.96
1740.47619	3.44	2.96
1742.857143	3.52	2.96
1745.238095	3.52	2.96
1747.619048	3.6	2.96
1750	3.52	2.92
1752.380952	3.52	2.92
1754.761905	3.52	2.96
1757.142857	3.52	2.96
1759.52381	3.52	2.92
1761.904762	3.6	2.92
1764.285714	3.6	2.96
1766.666667	3.52	2.96
1769.047619	3.6	2.92
1771.428571	3.52	2.92
1773.809524	3.52	2.96
1776.190476	3.52	2.96
1778.571429	3.52	2.96
1780.952381	3.52	2.92
1783.333333	3.6	2.92
1785.714286	3.52	2.96
1788.095238	3.52	2.92
1790.47619	3.52	2.92
1792.857143	3.52	2.92
1795.238095	3.52	2.92
1797.619048	3.52	2.92
1800	3.6	2.96
1802.380952	3.52	2.96
1804.761905	3.52	2.92
1807.142857	3.52	2.92
1809.52381	3.6	2.96
1811.904762	3.52	2.96
1814.285714	3.6	2.92
1816.666667	3.6	2.92
1819.047619	3.52	2.92
1821.428571	3.6	2.92
1823.809524	3.6	2.92
1826.190476	3.52	2.96
1828.571429	3.52	2.92
1830.952381	3.6	2.92
1833.333333	3.52	2.96
1835.714286	3.52	2.92
1838.095238	3.6	2.92
1840.47619	3.6	2.96
1842.857143	3.6	2.92
1845.238095	3.52	2.96
1847.619048	3.52	2.96
1850	3.68	2.92
1852.380952	3.6	2.96
1854.761905	3.52	2.92
1857.142857	3.6	2.92
1859.52381	3.6	2.92
1861.904762	3.6	2.92
1864.285714	3.52	2.92
1866.666667	3.6	2.92
1869.047619	3.52	2.92
1871.428571	3.52	2.92
1873.809524	3.6	2.92
1876.190476	3.6	2.92
1878.571429	3.52	2.92
1880.952381	3.6	2.92
1883.333333	3.68	2.92
1885.714286	3.6	2.96
1888.095238	3.52	2.92
1890.47619	3.52	2.92
1892.857143	3.6	2.92
1895.238095	3.6	2.92
1897.619048	3.68	2.92
1900	3.52	2.92
1902.380952	3.6	2.92
1904.761905	3.6	2.96
1907.142857	3.68	2.92
1909.52381	3.6	2.96
1911.904762	3.52	2.92
1914.285714	3.52	2.92
1916.666667	3.6	2.92
1919.047619	3.52	2.92
1921.428571	3.68	2.92
1923.809524	3.6	2.92
1926.190476	3.68	2.96
1928.571429	3.6	2.92
1930.952381	3.6	2.92
1933.333333	3.6	2.92
1935.714286	3.6	2.92
1938.095238	3.6	2.92
1940.47619	3.68	2.96
1942.857143	3.6	2.92
1945.238095	3.68	2.92
1947.619048	3.6	2.92
1950	3.6	2.92
1952.380952	3.68	2.92
1954.761905	3.68	2.92
1957.142857	3.68	2.92
1959.52381	3.68	2.96
1961.904762	3.6	2.92
1964.285714	3.68	2.92
1966.666667	3.68	2.92
1969.047619	3.6	2.92
1971.428571	3.68	2.92
1973.809524	3.6	2.92
1976.190476	3.6	2.92
1978.571429	3.68	2.92
1980.952381	3.6	2.92
1983.333333	3.68	2.92
1985.714286	3.68	2.92
1988.095238	3.68	2.92
1990.47619	3.6	2.92
1992.857143	3.68	2.92
1995.238095	3.6	2.92
1997.619048	3.68	2.92
2000	3.68	2.92
2002.380952	3.6	2.92
2004.761905	3.68	2.92
2007.142857	3.68	2.92
2009.52381	3.68	2.92
2011.904762	3.6	2.92
2014.285714	3.68	2.92
2016.666667	3.68	2.92
2019.047619	3.6	2.92
2021.428571	3.68	2.92
2023.809524	3.6	2.92
2026.190476	3.6	2.92
2028.571429	3.68	2.92
2030.952381	3.68	2.92
2033.333333	3.68	2.92
2035.714286	3.6	2.92
2038.095238	3.68	2.92
2040.47619	3.76	2.92
2042.857143	3.68	2.92
2045.238095	3.68	2.92
2047.619048	3.68	2.92
2050	3.68	2.92
2052.380952	3.68	2.92
2054.761905	3.68	2.92
2057.142857	3.68	2.92
2059.52381	3.68	2.92
2061.904762	3.68	2.92
2064.285714	3.68	2.92
2066.666667	3.68	2.92
2069.047619	3.68	2.92
2071.428571	3.68	2.96
2073.809524	3.68	2.92
2076.190476	3.68	2.92
2078.571429	3.68	2.92
2080.952381	3.68	2.96
2083.333333	3.68	2.92
2085.714286	3.76	2.92
2088.095238	3.68	2.92
2090.47619	3.68	2.92
2092.857143	3.76	2.92
2095.238095	3.68	2.92
2097.619048	3.68	2.92
2100	3.68	2.92
2102.380952	3.76	2.92
2104.761905	3.68	2.92
2107.142857	3.76	2.92
2109.52381	3.76	2.92
2111.904762	3.68	2.92
2114.285714	3.68	2.92
2116.666667	3.68	2.92
2119.047619	3.68	2.92
2121.428571	3.68	2.92
2123.809524	3.76	2.92
2126.190476	3.68	2.92
2128.571429	3.68	2.92
2130.952381	3.76	2.92
2133.333333	3.68	2.92
2135.714286	3.68	2.92
2138.095238	3.68	2.92
2140.47619	3.68	2.88
2142.857143	3.68	2.92
2145.238095	3.68	2.92
2147.619048	3.68	2.92
2150	3.68	2.92
2152.380952	3.68	2.92
2154.761905	3.76	2.88
2157.142857	3.76	2.92
2159.52381	3.68	2.92
2161.904762	3.76	2.92
2164.285714	3.76	2.92
2166.666667	3.68	2.88
2169.047619	3.68	2.92
2171.428571	3.76	2.92
2173.809524	3.68	2.92
2176.190476	3.76	2.88
2178.571429	3.76	2.92
2180.952381	3.76	2.92
2183.333333	3.76	2.92
2185.714286	3.76	2.92
2188.095238	3.68	2.92
2190.47619	3.76	2.92
2192.857143	3.68	2.92
2195.238095	3.76	2.92
2197.619048	3.68	2.92
2200	3.76	2.92
2202.380952	3.76	2.92
2204.761905	3.76	2.92
2207.142857	3.76	2.92
2209.52381	3.6	2.92
2211.904762	3.76	2.92
2214.285714	3.84	2.92
2216.666667	3.76	2.92
2219.047619	3.76	2.92
2221.428571	3.76	2.92
2223.809524	3.76	2.92
2226.190476	3.76	2.88
2228.571429	3.76	2.92
2230.952381	3.76	2.92
2233.333333	3.76	2.88
2235.714286	3.76	2.92
2238.095238	3.76	2.88
2240.47619	3.76	2.92
2242.857143	3.76	2.92
2245.238095	3.76	2.92
2247.619048	3.84	2.92
2250	3.76	2.92
2252.380952	3.76	2.88
2254.761905	3.76	2.92
2257.142857	3.76	2.92
2259.52381	3.76	2.92
2261.904762	3.76	2.92
2264.285714	3.76	2.92
2266.666667	3.76	2.88
2269.047619	3.76	2.92
2271.428571	3.76	2.92
2273.809524	3.76	2.88
2276.190476	3.76	2.88
2278.571429	3.76	2.92
2280.952381	3.76	2.92
2283.333333	3.76	2.92
2285.714286	3.76	2.88
2288.095238	3.76	2.92
2290.47619	3.76	2.88
2292.857143	3.84	2.92
2295.238095	3.84	2.92
2297.619048	3.76	2.92
2300	3.76	2.88
2302.380952	3.84	2.92
2304.761905	3.76	2.92
2307.142857	3.76	2.88
2309.52381	3.76	2.92
2311.904762	3.76	2.88
2314.285714	3.76	2.92
2316.666667	3.76	2.88
2319.047619	3.76	2.88
2321.428571	3.84	2.88
2323.809524	3.76	2.92
2326.190476	3.84	2.92
2328.571429	3.84	2.92
2330.952381	3.76	2.92
2333.333333	3.76	2.92
2335.714286	3.76	2.88
2338.095238	3.76	2.92
2340.47619	3.76	2.92
2342.857143	3.76	2.88
2345.238095	3.76	2.92
2347.619048	3.84	2.88
2350	3.76	2.88
2352.380952	3.84	2.88
2354.761905	3.84	2.92
2357.142857	3.84	2.88
2359.52381	3.76	2.88
2361.904762	3.84	2.92
2364.285714	3.84	2.88
2366.666667	3.76	2.88
2369.047619	3.76	2.92
2371.428571	3.84	2.88
2373.809524	3.76	2.92
2376.190476	3.76	2.88
2378.571429	3.76	2.92
2380.952381	3.76	2.92
2383.333333	3.84	2.92
2385.714286	3.84	2.92
2388.095238	3.76	2.88
2390.47619	3.84	2.88
2392.857143	3.84	2.88
2395.238095	3.84	2.88
2397.619048	3.84	2.92
2400	3.84	2.88
2402.380952	3.84	2.88
2404.761905	3.84	2.92
2407.142857	3.76	2.88
2409.52381	3.76	2.88
2411.904762	3.76	2.88
2414.285714	3.84	2.88
2416.666667	3.84	2.88
2419.047619	3.84	2.92
2421.428571	3.84	2.92
2423.809524	3.76	2.88
2426.190476	3.76	2.88
2428.571429	3.84	2.88
2430.952381	3.84	2.88
2433.333333	3.84	2.88
2435.714286	3.84	2.88
2438.095238	3.84	2.92
2440.47619	3.84	2.88
2442.857143	3.84	2.88
2445.238095	3.76	2.88
2447.619048	3.84	2.88
2450	3.84	2.88
2452.380952	3.76	2.92
2454.761905	3.84	2.88
2457.142857	3.84	2.88
2459.52381	3.84	2.88
2461.904762	3.84	2.88
2464.285714	3.84	2.88
2466.666667	3.84	2.88
2469.047619	3.84	2.88
2471.428571	3.92	2.88
2473.809524	3.84	2.88
2476.190476	3.84	2.88
2478.571429	3.84	2.88
2480.952381	3.84	2.88
2483.333333	3.84	2.88
2485.714286	3.84	2.88
2488.095238	3.84	2.88
2490.47619	3.84	2.88
2492.857143	3.84	2.88
2495.238095	3.84	2.92
2497.619048	3.84	2.88
2500	3.84	2.92
2502.380952	3.92	2.88
2504.761905	3.84	2.88
2507.142857	3.84	2.92
2509.52381	3.84	2.88
2511.904762	3.84	2.88
2514.285714	3.84	2.88
2516.666667	3.92	2.88
2519.047619	3.92	2.92
2521.428571	3.84	2.88
2523.809524	4	2.88
2526.190476	3.84	2.88
2528.571429	3.84	2.88
2530.952381	3.84	2.88
2533.333333	3.92	2.88
2535.714286	3.84	2.88
2538.095238	3.84	2.88
2540.47619	3.84	2.92
2542.857143	3.84	2.92
2545.238095	3.92	2.88
2547.619048	3.84	2.88
2550	3.84	2.92
2552.380952	3.84	2.88
2554.761905	3.84	2.88
2557.142857	3.92	2.88
2559.52381	3.92	2.88
2561.904762	3.84	2.88
2564.285714	3.84	2.88
2566.666667	3.84	2.88
2569.047619	3.84	2.88
2571.428571	3.84	2.88
2573.809524	3.84	2.88
2576.190476	3.92	2.88
2578.571429	3.92	2.88
2580.952381	3.92	2.88
2583.333333	3.84	2.88
2585.714286	3.92	2.88
2588.095238	3.84	2.88
2590.47619	3.92	2.88
2592.857143	3.92	2.88
2595.238095	3.92	2.88
2597.619048	3.92	2.88
2600	3.92	2.88
2602.380952	3.92	2.88
2604.761905	3.92	2.88
2607.142857	3.92	2.88
2609.52381	3.84	2.92
2611.904762	3.84	2.88
2614.285714	3.92	2.88
2616.666667	3.84	2.88
2619.047619	3.92	2.88
2621.428571	4	2.92
2623.809524	3.92	2.88
2626.190476	3.92	2.88
2628.571429	3.84	2.88
2630.952381	3.92	2.88
2633.333333	4	2.88
2635.714286	3.92	2.88
2638.095238	3.92	2.88
2640.47619	3.84	2.88
2642.857143	3.92	2.88
2645.238095	3.92	2.88
2647.619048	3.92	2.92
2650	3.84	2.88
2652.380952	3.84	2.88
2654.761905	3.92	2.88
2657.142857	3.92	2.88
2659.52381	3.84	2.88
2661.904762	3.84	2.88
2664.285714	3.92	2.88
2666.666667	3.92	2.88
2669.047619	4	2.88
2671.428571	3.92	2.88
2673.809524	3.92	2.88
2676.190476	3.92	2.88
2678.571429	3.84	2.88
2680.952381	3.92	2.88
2683.333333	3.92	2.88
2685.714286	3.92	2.88
2688.095238	3.92	2.88
2690.47619	3.92	2.88
2692.857143	4	2.88
2695.238095	3.92	2.88
2697.619048	3.92	2.84
2700	3.92	2.88
2702.380952	3.92	2.88
2704.761905	3.92	2.88
2707.142857	4	2.88
2709.52381	3.92	2.84
2711.904762	3.92	2.88
2714.285714	3.92	2.88
2716.666667	3.92	2.88
2719.047619	3.92	2.88
2721.428571	4	2.88
2723.809524	4	2.88
2726.190476	4	2.88
2728.571429	3.92	2.88
2730.952381	3.92	2.88
2733.333333	3.92	2.88
2735.714286	4	2.88
2738.095238	4	2.88
2740.47619	3.84	2.88
2742.857143	3.92	2.88
2745.238095	3.92	2.88
2747.619048	3.92	2.88
2750	3.92	2.88
2752.380952	3.92	2.88
2754.761905	4	2.88
2757.142857	4	2.88
2759.52381	3.92	2.88
2761.904762	4	2.88
2764.285714	3.92	2.88
2766.666667	3.92	2.88
2769.047619	4	2.88
2771.428571	3.84	2.88
2773.809524	4	2.88
2776.190476	4	2.88
2778.571429	4	2.88
2780.952381	4	2.88
2783.333333	3.92	2.88
2785.714286	4	2.88
2788.095238	4.08	2.88
2790.47619	4	2.88
2792.857143	4	2.88
2795.238095	4	2.88
2797.619048	3.92	2.84
2800	3.92	2.88
2802.380952	3.92	2.84
2804.761905	4	2.88
2807.142857	4	2.88
2809.52381	3.92	2.88
2811.904762	4	2.88
2814.285714	4	2.88
2816.666667	4	2.88
2819.047619	3.92	2.88
2821.428571	3.92	2.88
2823.809524	4	2.88
2826.190476	4	2.88
2828.571429	3.92	2.88
2830.952381	4	2.84
2833.333333	3.92	2.88
2835.714286	4	2.88
2838.095238	4	2.88
2840.47619	3.92	2.84
2842.857143	4	2.88
2845.238095	4.08	2.88
2847.619048	3.92	2.88
2850	4	2.88
2852.380952	4	2.88
2854.761905	4.08	2.88
2857.142857	4	2.88
2859.52381	4	2.88
2861.904762	4	2.88
2864.285714	4	2.84
2866.666667	4	2.88
2869.047619	4.08	2.88
2871.428571	4	2.88
2873.809524	3.92	2.84
2876.190476	4	2.88
2878.571429	4	2.88
2880.952381	4.08	2.88
2883.333333	4	2.84
2885.714286	3.92	2.88
2888.095238	4	2.88
2890.47619	3.92	2.88
2892.857143	4	2.88
2895.238095	4	2.84
2897.619048	4	2.84
2900	3.92	2.84
2902.380952	4	2.88
2904.761905	4	2.88
2907.142857	3.92	2.84
2909.52381	4	2.88
2911.904762	3.84	2.88
2914.285714	4	2.88
2916.666667	4	2.88
2919.047619	4	2.88
2921.428571	4	2.88
2923.809524	4	2.88
2926.190476	4.08	2.84
2928.571429	4	2.88
2930.952381	4.08	2.84
2933.333333	4	2.88
2935.714286	4	2.88
2938.095238	4	2.88
2940.47619	4	2.88
2942.857143	4.08	2.88
2945.238095	4	2.84
2947.619048	4	2.84
2950	4	2.84
2952.380952	4	2.88
2954.761905	4.08	2.88
2957.142857	3.92	2.88
2959.52381	4	2.84
2961.904762	4	2.88
2964.285714	4.08	2.84
2966.666667	4	2.88
2969.047619	4	2.84
2971.428571	4.08	2.84
2973.809524	4.08	2.84
