-5952.380952	0
-5947.619048	0.2
-5942.857143	0
-5938.095238	0.2
-5933.333333	-0.2
-5928.571429	0
-5923.809524	0
-5919.047619	0
-5914.285714	0
-5909.52381	0.2
-5904.761905	0
-5900	0.2
-5895.238095	0
-5890.47619	0
-5885.714286	0
-5880.952381	0
-5876.190476	0
-5871.428571	0
-5866.666667	0
-5861.904762	0
-5857.142857	0.2
-5852.380952	0
-5847.619048	0
-5842.857143	0
-5838.095238	0
-5833.333333	0
-5828.571429	0
-5823.809524	0
-5819.047619	0
-5814.285714	0
-5809.52381	0
-5804.761905	0
-5800	0
-5795.238095	0
-5790.47619	0.2
-5785.714286	0
-5780.952381	0
-5776.190476	0
-5771.428571	0
-5766.666667	0
-5761.904762	0
-5757.142857	0
-5752.380952	0.2
-5747.619048	0
-5742.857143	0
-5738.095238	0
-5733.333333	0
-5728.571429	0.2
-5723.809524	0
-5719.047619	0.2
-5714.285714	0
-5709.52381	0
-5704.761905	0
-5700	0.2
-5695.238095	0
-5690.47619	0
-5685.714286	0
-5680.952381	0
-5676.190476	0
-5671.428571	0
-5666.666667	0
-5661.904762	0.2
-5657.142857	0
-5652.380952	0
-5647.619048	0
-5642.857143	0
-5638.095238	0
-5633.333333	0
-5628.571429	0.2
-5623.809524	0.2
-5619.047619	0
-5614.285714	0.2
-5609.52381	0
-5604.761905	0.2
-5600	0
-5595.238095	0
-5590.47619	0
-5585.714286	0.2
-5580.952381	0.2
-5576.190476	0.2
-5571.428571	0.2
-5566.666667	0.2
-5561.904762	0
-5557.142857	0.2
-5552.380952	0
-5547.619048	0.2
-5542.857143	0
-5538.095238	0.4
-5533.333333	0
-5528.571429	0.2
-5523.809524	0.2
-5519.047619	0.2
-5514.285714	0.2
-5509.52381	0
-5504.761905	0
-5500	0.2
-5495.238095	0.2
-5490.47619	0.2
-5485.714286	0
-5480.952381	0
-5476.190476	0.2
-5471.428571	0
-5466.666667	0.2
-5461.904762	0
-5457.142857	0.2
-5452.380952	0
-5447.619048	0
-5442.857143	0
-5438.095238	0
-5433.333333	0
-5428.571429	0.2
-5423.809524	0.2
-5419.047619	0.2
-5414.285714	0
-5409.52381	0.2
-5404.761905	0
-5400	0
-5395.238095	0
-5390.47619	0.2
-5385.714286	0
-5380.952381	0.2
-5376.190476	0
-5371.428571	0.2
-5366.666667	0
-5361.904762	0
-5357.142857	0
-5352.380952	0.2
-5347.619048	0
-5342.857143	0.2
-5338.095238	0
-5333.333333	0
-5328.571429	0.2
-5323.809524	0
-5319.047619	0
-5314.285714	0
-5309.52381	0.2
-5304.761905	0
-5300	0
-5295.238095	0
-5290.47619	0
-5285.714286	0
-5280.952381	0.2
-5276.190476	0.2
-5271.428571	0
-5266.666667	0
-5261.904762	0.2
-5257.142857	0
-5252.380952	0.2
-5247.619048	0.2
-5242.857143	0.2
-5238.095238	0
-5233.333333	0.2
-5228.571429	0
-5223.809524	0
-5219.047619	0
-5214.285714	0
-5209.52381	0
-5204.761905	0
-5200	0.2
-5195.238095	0.2
-5190.47619	0
-5185.714286	0.2
-5180.952381	0
-5176.190476	0.2
-5171.428571	0
-5166.666667	0
-5161.904762	0
-5157.142857	0.2
-5152.380952	0
-5147.619048	0
-5142.857143	0
-5138.095238	0
-5133.333333	0
-5128.571429	0
-5123.809524	0
-5119.047619	0.2
-5114.285714	0.2
-5109.52381	0
-5104.761905	0
-5100	0
-5095.238095	0.2
-5090.47619	0.2
-5085.714286	0.2
-5080.952381	0
-5076.190476	0.2
-5071.428571	0.2
-5066.666667	0
-5061.904762	0
-5057.142857	0
-5052.380952	0
-5047.619048	0
-5042.857143	0.2
-5038.095238	0
-5033.333333	0.2
-5028.571429	0
-5023.809524	0
-5019.047619	0
-5014.285714	0.2
-5009.52381	0
-5004.761905	0
-5000	0
-4995.238095	0
-4990.47619	0
-4985.714286	0
-4980.952381	0
-4976.190476	0
-4971.428571	0
-4966.666667	0
-4961.904762	0
-4957.142857	0
-4952.380952	0
-4947.619048	0.2
-4942.857143	0
-4938.095238	0
-4933.333333	0
-4928.571429	0
-4923.809524	0
-4919.047619	0
-4914.285714	0
-4909.52381	0
-4904.761905	0
-4900	0
-4895.238095	0.2
-4890.47619	0.2
-4885.714286	0
-4880.952381	0
-4876.190476	0
-4871.428571	0
-4866.666667	0.2
-4861.904762	0
-4857.142857	0
-4852.380952	0
-4847.619048	0.2
-4842.857143	0
-4838.095238	0.2
-4833.333333	0
-4828.571429	0
-4823.809524	0
-4819.047619	0
-4814.285714	0.2
-4809.52381	0
-4804.761905	0.2
-4800	0.2
-4795.238095	0
-4790.47619	0
-4785.714286	0
-4780.952381	0
-4776.190476	0.2
-4771.428571	0
-4766.666667	0
-4761.904762	0
-4757.142857	0
-4752.380952	0
-4747.619048	0.2
-4742.857143	0
-4738.095238	0
-4733.333333	0
-4728.571429	0
-4723.809524	0
-4719.047619	0
-4714.285714	0
-4709.52381	0
-4704.761905	0
-4700	0.2
-4695.238095	0
-4690.47619	0
-4685.714286	0
-4680.952381	0
-4676.190476	0
-4671.428571	0.2
-4666.666667	0
-4661.904762	0
-4657.142857	0.2
-4652.380952	0
-4647.619048	0
-4642.857143	0
-4638.095238	0
-4633.333333	0
-4628.571429	0
-4623.809524	0
-4619.047619	0
-4614.285714	0
-4609.52381	0.2
-4604.761905	0
-4600	0
-4595.238095	0
-4590.47619	0
-4585.714286	0
-4580.952381	0
-4576.190476	0
-4571.428571	0
-4566.666667	0
-4561.904762	0
-4557.142857	0
-4552.380952	0
-4547.619048	0
-4542.857143	0
-4538.095238	0
-4533.333333	0.2
-4528.571429	0
-4523.809524	0
-4519.047619	0
-4514.285714	0
-4509.52381	0
-4504.761905	0
-4500	-0.2
-4495.238095	0
-4490.47619	0
-4485.714286	0
-4480.952381	0
-4476.190476	0.2
-4471.428571	0
-4466.666667	0
-4461.904762	0
-4457.142857	0
-4452.380952	0
-4447.619048	0
-4442.857143	0
-4438.095238	0
-4433.333333	0
-4428.571429	-0.2
-4423.809524	0
-4419.047619	0
-4414.285714	0
-4409.52381	0
-4404.761905	0
-4400	0
-4395.238095	-0.2
-4390.47619	0
-4385.714286	0
-4380.952381	-0.2
-4376.190476	0
-4371.428571	0
-4366.666667	0
-4361.904762	0
-4357.142857	0
-4352.380952	0
-4347.619048	0
-4342.857143	0
-4338.095238	0
-4333.333333	0
-4328.571429	-0.2
-4323.809524	-0.2
-4319.047619	0
-4314.285714	-0.2
-4309.52381	0
-4304.761905	0
-4300	0
-4295.238095	0
-4290.47619	0
-4285.714286	-0.2
-4280.952381	0
-4276.190476	0
-4271.428571	0
-4266.666667	-0.2
-4261.904762	-0.2
-4257.142857	-0.2
-4252.380952	-0.2
-4247.619048	0
-4242.857143	0
-4238.095238	0
-4233.333333	-0.2
-4228.571429	0
-4223.809524	-0.2
-4219.047619	0
-4214.285714	0
-4209.52381	-0.2
-4204.761905	0
-4200	0
-4195.238095	0
-4190.47619	0
-4185.714286	0
-4180.952381	0
-4176.190476	0
-4171.428571	0
-4166.666667	0
-4161.904762	0
-4157.142857	-0.2
-4152.380952	0
-4147.619048	-0.2
-4142.857143	-0.2
-4138.095238	-0.2
-4133.333333	0
-4128.571429	0
-4123.809524	-0.2
-4119.047619	-0.2
-4114.285714	0
-4109.52381	-0.2
-4104.761905	-0.2
-4100	0
-4095.238095	0
-4090.47619	0
-4085.714286	-0.2
-4080.952381	0
-4076.190476	-0.2
-4071.428571	-0.2
-4066.666667	-0.2
-4061.904762	0
-4057.142857	-0.2
-4052.380952	-0.2
-4047.619048	-0.2
-4042.857143	0
-4038.095238	-0.2
-4033.333333	0
-4028.571429	-0.2
-4023.809524	0
-4019.047619	-0.2
-4014.285714	-0.2
-4009.52381	-0.4
-4004.761905	0
-4000	-0.2
-3995.238095	0
-3990.47619	-0.2
-3985.714286	0
-3980.952381	-0.2
-3976.190476	0
-3971.428571	0
-3966.666667	0
-3961.904762	0
-3957.142857	-0.2
-3952.380952	0
-3947.619048	-0.2
-3942.857143	0
-3938.095238	-0.2
-3933.333333	0
-3928.571429	-0.2
-3923.809524	-0.2
-3919.047619	-0.4
-3914.285714	-0.2
-3909.52381	-0.2
-3904.761905	-0.2
-3900	-0.4
-3895.238095	0
-3890.47619	-0.4
-3885.714286	-0.2
-3880.952381	-0.2
-3876.190476	-0.2
-3871.428571	-0.2
-3866.666667	-0.2
-3861.904762	-0.2
-3857.142857	-0.2
-3852.380952	-0.4
-3847.619048	-0.2
-3842.857143	-0.2
-3838.095238	-0.2
-3833.333333	-0.4
-3828.571429	-0.2
-3823.809524	-0.2
-3819.047619	-0.2
-3814.285714	-0.2
-3809.52381	-0.2
-3804.761905	-0.2
-3800	-0.2
-3795.238095	-0.2
-3790.47619	-0.4
-3785.714286	-0.2
-3780.952381	-0.2
-3776.190476	-0.4
-3771.428571	-0.2
-3766.666667	-0.4
-3761.904762	-0.2
-3757.142857	-0.2
-3752.380952	-0.2
-3747.619048	-0.2
-3742.857143	-0.2
-3738.095238	-0.2
-3733.333333	-0.4
-3728.571429	-0.4
-3723.809524	-0.2
-3719.047619	-0.2
-3714.285714	-0.4
-3709.52381	-0.2
-3704.761905	-0.2
-3700	-0.2
-3695.238095	-0.2
-3690.47619	-0.2
-3685.714286	-0.2
-3680.952381	-0.2
-3676.190476	-0.2
-3671.428571	-0.4
-3666.666667	-0.2
-3661.904762	-0.2
-3657.142857	-0.2
-3652.380952	-0.2
-3647.619048	-0.2
-3642.857143	-0.2
-3638.095238	-0.2
-3633.333333	-0.2
-3628.571429	-0.4
-3623.809524	-0.2
-3619.047619	-0.2
-3614.285714	-0.2
-3609.52381	-0.2
-3604.761905	-0.4
-3600	-0.4
-3595.238095	-0.4
-3590.47619	-0.2
-3585.714286	-0.4
-3580.952381	-0.2
-3576.190476	-0.2
-3571.428571	-0.4
-3566.666667	-0.4
-3561.904762	-0.2
-3557.142857	-0.2
-3552.380952	-0.4
-3547.619048	-0.2
-3542.857143	-0.2
-3538.095238	-0.2
-3533.333333	-0.4
-3528.571429	-0.2
-3523.809524	-0.4
-3519.047619	-0.2
-3514.285714	-0.2
-3509.52381	-0.4
-3504.761905	-0.2
-3500	-0.2
-3495.238095	-0.4
-3490.47619	-0.2
-3485.714286	-0.4
-3480.952381	-0.4
-3476.190476	-0.2
-3471.428571	-0.2
-3466.666667	-0.2
-3461.904762	-0.4
-3457.142857	-0.4
-3452.380952	-0.2
-3447.619048	-0.4
-3442.857143	-0.2
-3438.095238	-0.2
-3433.333333	-0.2
-3428.571429	-0.2
-3423.809524	-0.4
-3419.047619	-0.2
-3414.285714	-0.4
-3409.52381	-0.4
-3404.761905	-0.4
-3400	-0.2
-3395.238095	-0.2
-3390.47619	-0.4
-3385.714286	-0.2
-3380.952381	-0.2
-3376.190476	-0.2
-3371.428571	-0.2
-3366.666667	-0.2
-3361.904762	-0.2
-3357.142857	-0.2
-3352.380952	-0.2
-3347.619048	-0.2
-3342.857143	-0.2
-3338.095238	-0.2
-3333.333333	-0.2
-3328.571429	-0.2
-3323.809524	-0.2
-3319.047619	-0.2
-3314.285714	-0.2
-3309.52381	-0.2
-3304.761905	-0.2
-3300	-0.4
-3295.238095	-0.2
-3290.47619	-0.2
-3285.714286	-0.4
-3280.952381	-0.2
-3276.190476	-0.2
-3271.428571	-0.2
-3266.666667	-0.2
-3261.904762	-0.4
-3257.142857	-0.2
-3252.380952	-0.2
-3247.619048	-0.2
-3242.857143	0
-3238.095238	-0.2
-3233.333333	-0.2
-3228.571429	-0.2
-3223.809524	0
-3219.047619	-0.2
-3214.285714	-0.2
-3209.52381	-0.2
-3204.761905	-0.2
-3200	-0.2
-3195.238095	0
-3190.47619	-0.2
-3185.714286	-0.2
-3180.952381	-0.4
-3176.190476	0
-3171.428571	-0.2
-3166.666667	-0.2
-3161.904762	-0.2
-3157.142857	-0.2
-3152.380952	-0.2
-3147.619048	-0.2
-3142.857143	0
-3138.095238	0
-3133.333333	-0.2
-3128.571429	0
-3123.809524	-0.2
-3119.047619	-0.2
-3114.285714	-0.2
-3109.52381	0
-3104.761905	-0.2
-3100	-0.2
-3095.238095	-0.2
-3090.47619	-0.2
-3085.714286	0
-3080.952381	-0.2
-3076.190476	-0.2
-3071.428571	0
-3066.666667	0
-3061.904762	0
-3057.142857	-0.2
-3052.380952	0
-3047.619048	0
-3042.857143	-0.2
-3038.095238	0
-3033.333333	0
-3028.571429	0
-3023.809524	-0.2
-3019.047619	-0.2
-3014.285714	-0.2
-3009.52381	-0.2
-3004.761905	0
-3000	-0.2
-2995.238095	0
-2990.47619	0
-2985.714286	0
-2980.952381	0
-2976.190476	0
-2971.428571	0
-2966.666667	-0.2
-2961.904762	0
-2957.142857	-0.2
-2952.380952	0
-2947.619048	-0.2
-2942.857143	0
-2938.095238	-0.2
-2933.333333	0
-2928.571429	-0.2
-2923.809524	0
-2919.047619	0
-2914.285714	0
-2909.52381	0
-2904.761905	0
-2900	0
-2895.238095	0
-2890.47619	0.2
-2885.714286	0
-2880.952381	0
-2876.190476	0
-2871.428571	0
-2866.666667	-0.2
-2861.904762	0.2
-2857.142857	0.2
-2852.380952	0.2
-2847.619048	0
-2842.857143	0
-2838.095238	0.2
-2833.333333	0
-2828.571429	0
-2823.809524	0.2
-2819.047619	0
-2814.285714	0.2
-2809.52381	0
-2804.761905	0.2
-2800	0.2
-2795.238095	0.2
-2790.47619	0
-2785.714286	0.2
-2780.952381	0.2
-2776.190476	0.2
-2771.428571	0.4
-2766.666667	0.4
-2761.904762	0.2
-2757.142857	0.2
-2752.380952	0.2
-2747.619048	0.2
-2742.857143	0.2
-2738.095238	0.2
-2733.333333	0.4
-2728.571429	0.4
-2723.809524	0.2
-2719.047619	0.4
-2714.285714	0.2
-2709.52381	0.4
-2704.761905	0.2
-2700	0.4
-2695.238095	0.4
-2690.47619	0.4
-2685.714286	0.4
-2680.952381	0.4
-2676.190476	0.4
-2671.428571	0.4
-2666.666667	0.4
-2661.904762	0.2
-2657.142857	0.6
-2652.380952	0.6
-2647.619048	0.4
-2642.857143	0.4
-2638.095238	0.4
-2633.333333	0.4
-2628.571429	0.4
-2623.809524	0.4
-2619.047619	0.6
-2614.285714	0.6
-2609.52381	0.6
-2604.761905	0.6
-2600	0.6
-2595.238095	0.4
-2590.47619	0.4
-2585.714286	0.6
-2580.952381	0.6
-2576.190476	0.6
-2571.428571	0.6
-2566.666667	0.6
-2561.904762	0.6
-2557.142857	0.6
-2552.380952	0.8
-2547.619048	0.8
-2542.857143	0.6
-2538.095238	0.8
-2533.333333	0.8
-2528.571429	0.8
-2523.809524	0.8
-2519.047619	0.8
-2514.285714	0.8
-2509.52381	0.8
-2504.761905	0.8
-2500	0.8
-2495.238095	1
-2490.47619	1
-2485.714286	1.2
-2480.952381	1
-2476.190476	0.8
-2471.428571	1
-2466.666667	1
-2461.904762	1.2
-2457.142857	1
-2452.380952	1
-2447.619048	1
-2442.857143	1.2
-2438.095238	1
-2433.333333	1.2
-2428.571429	1
-2423.809524	1.2
-2419.047619	1.4
-2414.285714	1.4
-2409.52381	1.2
-2404.761905	1.2
-2400	1.2
-2395.238095	1.4
-2390.47619	1.2
-2385.714286	1.4
-2380.952381	1.4
-2376.190476	1.6
-2371.428571	1.2
-2366.666667	1.4
-2361.904762	1.6
-2357.142857	1.6
-2352.380952	1.6
-2347.619048	1.6
-2342.857143	1.6
-2338.095238	1.4
-2333.333333	1.6
-2328.571429	1.8
-2323.809524	1.8
-2319.047619	1.8
-2314.285714	1.8
-2309.52381	1.8
-2304.761905	1.8
-2300	1.8
-2295.238095	1.8
-2290.47619	2
-2285.714286	1.8
-2280.952381	1.8
-2276.190476	2.2
-2271.428571	2
-2266.666667	2
-2261.904762	2
-2257.142857	2.2
-2252.380952	2
-2247.619048	2.2
-2242.857143	2.2
-2238.095238	2.2
-2233.333333	2.2
-2228.571429	2.4
-2223.809524	2
-2219.047619	2.4
-2214.285714	2.4
-2209.52381	2.4
-2204.761905	2.2
-2200	2.4
-2195.238095	2.4
-2190.47619	2.6
-2185.714286	2.6
-2180.952381	2.6
-2176.190476	2.8
-2171.428571	2.6
-2166.666667	2.8
-2161.904762	2.8
-2157.142857	2.8
-2152.380952	2.8
-2147.619048	2.8
-2142.857143	2.8
-2138.095238	3
-2133.333333	3
-2128.571429	3
-2123.809524	3
-2119.047619	3
-2114.285714	3
-2109.52381	3.2
-2104.761905	3.2
-2100	3.2
-2095.238095	3.4
-2090.47619	3.4
-2085.714286	3.4
-2080.952381	3.4
-2076.190476	3.6
-2071.428571	3.6
-2066.666667	3.6
-2061.904762	3.6
-2057.142857	3.6
-2052.380952	3.8
-2047.619048	4
-2042.857143	3.6
-2038.095238	3.6
-2033.333333	4
-2028.571429	4
-2023.809524	4
-2019.047619	4
-2014.285714	4
-2009.52381	4.2
-2004.761905	4.4
-2000	4.2
-1995.238095	4.4
-1990.47619	4.4
-1985.714286	4.6
-1980.952381	4.6
-1976.190476	4.6
-1971.428571	4.6
-1966.666667	4.6
-1961.904762	4.8
-1957.142857	4.6
-1952.380952	4.8
-1947.619048	4.8
-1942.857143	5
-1938.095238	5
-1933.333333	5
-1928.571429	5
-1923.809524	5.2
-1919.047619	5
-1914.285714	5.2
-1909.52381	5.2
-1904.761905	5.4
-1900	5.4
-1895.238095	5.4
-1890.47619	5.6
-1885.714286	5.4
-1880.952381	5.8
-1876.190476	5.6
-1871.428571	5.8
-1866.666667	5.6
-1861.904762	5.8
-1857.142857	5.8
-1852.380952	5.8
-1847.619048	5.8
-1842.857143	6.2
-1838.095238	6.2
-1833.333333	6.2
-1828.571429	6.2
-1823.809524	6.2
-1819.047619	6.4
-1814.285714	6.2
-1809.52381	6.4
-1804.761905	6.4
-1800	6.6
-1795.238095	6.6
-1790.47619	6.8
-1785.714286	6.8
-1780.952381	7
-1776.190476	6.8
-1771.428571	7
-1766.666667	7
-1761.904762	7.2
-1757.142857	7.2
-1752.380952	7.4
-1747.619048	7.4
-1742.857143	7.2
-1738.095238	7.4
-1733.333333	7.4
-1728.571429	7.6
-1723.809524	7.6
-1719.047619	7.6
-1714.285714	7.8
-1709.52381	7.8
-1704.761905	8
-1700	8
-1695.238095	8
-1690.47619	8
-1685.714286	8
-1680.952381	8.2
-1676.190476	8.4
-1671.428571	8.2
-1666.666667	8.6
-1661.904762	8.6
-1657.142857	8.8
-1652.380952	8.6
-1647.619048	8.8
-1642.857143	8.6
-1638.095238	8.8
-1633.333333	9.2
-1628.571429	9
-1623.809524	9
-1619.047619	9.2
-1614.285714	9.2
-1609.52381	9.2
-1604.761905	9.4
-1600	9.2
-1595.238095	9.2
-1590.47619	9.4
-1585.714286	9.4
-1580.952381	9.6
-1576.190476	9.8
-1571.428571	9.6
-1566.666667	9.6
-1561.904762	9.6
-1557.142857	9.8
-1552.380952	10
-1547.619048	10
-1542.857143	10
-1538.095238	10.2
-1533.333333	10.2
-1528.571429	10.2
-1523.809524	10.2
-1519.047619	10.2
-1514.285714	10.6
-1509.52381	10.4
-1504.761905	10.6
-1500	10.8
-1495.238095	10.8
-1490.47619	10.8
-1485.714286	10.8
-1480.952381	10.8
-1476.190476	10.8
-1471.428571	11
-1466.666667	11
-1461.904762	11.2
-1457.142857	11
-1452.380952	11.2
-1447.619048	11.2
-1442.857143	11.2
-1438.095238	11.4
-1433.333333	11.4
-1428.571429	11.4
-1423.809524	11.6
-1419.047619	11.6
-1414.285714	11.6
-1409.52381	11.8
-1404.761905	11.6
-1400	12
-1395.238095	11.8
-1390.47619	12
-1385.714286	12
-1380.952381	12.2
-1376.190476	12
-1371.428571	12.2
-1366.666667	12
-1361.904762	12.4
-1357.142857	12.2
-1352.380952	12.2
-1347.619048	12.4
-1342.857143	12.4
-1338.095238	12.4
-1333.333333	12.4
-1328.571429	12.6
-1323.809524	12.6
-1319.047619	12.6
-1314.285714	12.8
-1309.52381	12.8
-1304.761905	12.8
-1300	13
-1295.238095	12.8
-1290.47619	12.8
-1285.714286	12.8
-1280.952381	13
-1276.190476	12.8
-1271.428571	13
-1266.666667	13
-1261.904762	13.2
-1257.142857	13
-1252.380952	13
-1247.619048	13
-1242.857143	13.2
-1238.095238	13
-1233.333333	13.2
-1228.571429	13.2
-1223.809524	13.4
-1219.047619	13.2
-1214.285714	13.4
-1209.52381	13.4
-1204.761905	13.4
-1200	13.4
-1195.238095	13.2
-1190.47619	13.4
-1185.714286	13.4
-1180.952381	13.6
-1176.190476	13.4
-1171.428571	13.6
-1166.666667	13.4
-1161.904762	13.6
-1157.142857	13.6
-1152.380952	13.6
-1147.619048	13.6
-1142.857143	13.6
-1138.095238	13.6
-1133.333333	13.6
-1128.571429	13.6
-1123.809524	13.8
-1119.047619	13.8
-1114.285714	13.6
-1109.52381	13.6
-1104.761905	13.8
-1100	13.6
-1095.238095	13.6
-1090.47619	13.6
-1085.714286	13.8
-1080.952381	13.8
-1076.190476	13.8
-1071.428571	13.6
-1066.666667	13.8
-1061.904762	13.6
-1057.142857	13.8
-1052.380952	13.8
-1047.619048	13.8
-1042.857143	13.6
-1038.095238	13.8
-1033.333333	13.6
-1028.571429	13.8
-1023.809524	13.4
-1019.047619	13.6
-1014.285714	13.6
-1009.52381	13.6
-1004.761905	13.6
-1000	13.6
-995.2380952	13.6
-990.4761905	13.6
-985.7142857	13.4
-980.952381	13.6
-976.1904762	13.6
-971.4285714	13.6
-966.6666667	13.6
-961.9047619	13.4
-957.1428571	13.6
-952.3809524	13.4
-947.6190476	13.4
-942.8571429	13.4
-938.0952381	13.4
-933.3333333	13.4
-928.5714286	13.4
-923.8095238	13.2
-919.047619	13.2
-914.2857143	13.4
-909.5238095	13.2
-904.7619048	13.2
-900	13.2
-895.2380952	13
-890.4761905	13
-885.7142857	13.2
-880.952381	13
-876.1904762	13
-871.4285714	13
-866.6666667	13
-861.9047619	13
-857.1428571	12.8
-852.3809524	13
-847.6190476	13
-842.8571429	12.8
-838.0952381	12.8
-833.3333333	12.6
-828.5714286	12.6
-823.8095238	12.8
-819.047619	12.6
-814.2857143	12.6
-809.5238095	12.6
-804.7619048	12.6
-800	12.4
-795.2380952	12.4
-790.4761905	12.2
-785.7142857	12.4
-780.952381	12.2
-776.1904762	12
-771.4285714	12.2
-766.6666667	12
-761.9047619	12.2
-757.1428571	12
-752.3809524	12
-747.6190476	11.8
-742.8571429	11.8
-738.0952381	12
-733.3333333	11.6
-728.5714286	11.6
-723.8095238	11.6
-719.047619	11.4
-714.2857143	11.4
-709.5238095	11.4
-704.7619048	11.4
-700	11.2
-695.2380952	11.4
-690.4761905	11.2
-685.7142857	11.2
-680.952381	11
-676.1904762	11
-671.4285714	11
-666.6666667	10.8
-661.9047619	10.8
-657.1428571	10.8
-652.3809524	10.8
-647.6190476	10.4
-642.8571429	10.6
-638.0952381	10.6
-633.3333333	10.4
-628.5714286	10.4
-623.8095238	10.2
-619.047619	10.2
-614.2857143	10.2
-609.5238095	10.2
-604.7619048	10
-600	10
-595.2380952	10
-590.4761905	9.8
-585.7142857	9.6
-580.952381	9.8
-576.1904762	9.6
-571.4285714	9.4
-566.6666667	9.6
-561.9047619	9.4
-557.1428571	9.2
-552.3809524	9.2
-547.6190476	9.2
-542.8571429	9.2
-538.0952381	9.2
-533.3333333	9
-528.5714286	9
-523.8095238	9
-519.047619	8.8
-514.2857143	8.8
-509.5238095	8.6
-504.7619048	8.6
-500	8.4
-495.2380952	8.4
-490.4761905	8.2
-485.7142857	8.2
-480.952381	8.2
-476.1904762	8
-471.4285714	8.2
-466.6666667	8
-461.9047619	8
-457.1428571	7.8
-452.3809524	7.8
-447.6190476	7.6
-442.8571429	7.4
-438.0952381	7.4
-433.3333333	7.2
-428.5714286	7.2
-423.8095238	7.2
-419.047619	6.8
-414.2857143	7
-409.5238095	7
-404.7619048	6.8
-400	6.8
-395.2380952	6.6
-390.4761905	6.8
-385.7142857	6.4
-380.952381	6.4
-376.1904762	6.2
-371.4285714	6.2
-366.6666667	6.2
-361.9047619	6
-357.1428571	6
-352.3809524	5.8
-347.6190476	5.8
-342.8571429	5.8
-338.0952381	5.6
-333.3333333	5.6
-328.5714286	5.6
-323.8095238	5.6
-319.047619	5.2
-314.2857143	5.4
-309.5238095	5.2
-304.7619048	5.2
-300	5
-295.2380952	5
-290.4761905	4.8
-285.7142857	5
-280.952381	4.6
-276.1904762	4.4
-271.4285714	4.6
-266.6666667	4.2
-261.9047619	4.2
-257.1428571	4.2
-252.3809524	4.2
-247.6190476	4
-242.8571429	4
-238.0952381	4
-233.3333333	3.6
-228.5714286	3.6
-223.8095238	3.6
-219.047619	3.4
-214.2857143	3.4
-209.5238095	3.4
-204.7619048	3
-200	3.2
-195.2380952	2.8
-190.4761905	3
-185.7142857	2.8
-180.952381	2.8
-176.1904762	2.8
-171.4285714	2.8
-166.6666667	2.4
-161.9047619	2.4
-157.1428571	2.2
-152.3809524	2.2
-147.6190476	2.2
-142.8571429	2.2
-138.0952381	2
-133.3333333	1.8
-128.5714286	1.8
-123.8095238	1.6
-119.047619	1.6
-114.2857143	1.6
-109.5238095	1.4
-104.7619048	1.4
-100	1.4
-95.23809524	1.2
-90.47619048	1.2
-85.71428571	1
-80.95238095	0.8
-76.19047619	0.8
-71.42857143	0.8
-66.66666667	0.6
-61.9047619	0.8
-57.14285714	0.4
-52.38095238	0.6
-47.61904762	0.4
-42.85714286	0.2
-38.0952381	0
-33.33333333	0.2
-28.57142857	0
-23.80952381	-0.2
-19.04761905	-0.2
-14.28571429	-0.2
-9.523809524	-0.4
-4.761904762	-0.4
0	-0.4
4.761904762	-0.6
9.523809524	-0.8
14.28571429	-0.8
19.04761905	-0.8
23.80952381	-1
28.57142857	-1.2
33.33333333	-1
38.0952381	-1.2
42.85714286	-1.2
47.61904762	-1.4
52.38095238	-1.6
57.14285714	-1.6
61.9047619	-1.6
66.66666667	-1.6
71.42857143	-1.8
76.19047619	-1.8
80.95238095	-2
85.71428571	-2
90.47619048	-2
95.23809524	-2.2
100	-2.2
104.7619048	-2.4
109.5238095	-2.6
114.2857143	-2.6
119.047619	-2.6
123.8095238	-2.8
128.5714286	-2.8
133.3333333	-2.8
138.0952381	-2.8
142.8571429	-3
147.6190476	-3.2
152.3809524	-3.2
157.1428571	-3.2
161.9047619	-3.2
166.6666667	-3.4
171.4285714	-3.4
176.1904762	-3.4
180.952381	-3.6
185.7142857	-3.8
190.4761905	-4
195.2380952	-4
200	-4
204.7619048	-4.2
209.5238095	-4
214.2857143	-4.4
219.047619	-4.2
223.8095238	-4.4
228.5714286	-4.4
233.3333333	-4.6
238.0952381	-4.6
242.8571429	-4.6
247.6190476	-4.8
252.3809524	-4.8
257.1428571	-4.8
261.9047619	-5
266.6666667	-5
271.4285714	-5.2
276.1904762	-5.2
280.952381	-5.2
285.7142857	-5.2
290.4761905	-5.4
295.2380952	-5.4
300	-5.4
304.7619048	-5.6
309.5238095	-5.6
314.2857143	-5.8
319.047619	-5.8
323.8095238	-5.8
328.5714286	-5.8
333.3333333	-6.2
338.0952381	-6
342.8571429	-6.2
347.6190476	-6.2
352.3809524	-6.2
357.1428571	-6.2
361.9047619	-6.4
366.6666667	-6.4
371.4285714	-6.6
376.1904762	-6.6
380.952381	-6.6
385.7142857	-6.8
390.4761905	-6.8
395.2380952	-6.8
400	-6.8
404.7619048	-7.2
409.5238095	-7.2
414.2857143	-7.2
419.047619	-7.2
423.8095238	-7.2
428.5714286	-7.4
433.3333333	-7.4
438.0952381	-7.4
442.8571429	-7.6
447.6190476	-7.4
452.3809524	-7.6
457.1428571	-7.6
461.9047619	-7.8
466.6666667	-7.8
471.4285714	-8
476.1904762	-8
480.952381	-8
485.7142857	-8
490.4761905	-8.2
495.2380952	-8.2
500	-8.2
504.7619048	-8.2
509.5238095	-8.2
514.2857143	-8.4
519.047619	-8.4
523.8095238	-8.4
528.5714286	-8.4
533.3333333	-8.4
538.0952381	-8.6
542.8571429	-8.4
547.6190476	-8.6
552.3809524	-8.8
557.1428571	-8.8
561.9047619	-8.8
566.6666667	-8.8
571.4285714	-9
576.1904762	-9
580.952381	-9.2
585.7142857	-9
590.4761905	-9.2
595.2380952	-9.2
600	-9.2
604.7619048	-9
609.5238095	-9.4
614.2857143	-9.4
619.047619	-9.4
623.8095238	-9.4
628.5714286	-9.6
633.3333333	-9.6
638.0952381	-9.6
642.8571429	-9.4
647.6190476	-9.6
652.3809524	-9.6
657.1428571	-9.6
661.9047619	-9.8
666.6666667	-9.8
671.4285714	-9.6
676.1904762	-9.8
680.952381	-10
685.7142857	-10
690.4761905	-10
695.2380952	-10
700	-10
704.7619048	-10
709.5238095	-10
714.2857143	-10
719.047619	-10
723.8095238	-10.2
728.5714286	-10.2
733.3333333	-10.2
738.0952381	-10.2
742.8571429	-10.2
747.6190476	-10.4
752.3809524	-10.4
757.1428571	-10.4
761.9047619	-10.2
766.6666667	-10.2
771.4285714	-10.2
776.1904762	-10.4
780.952381	-10.2
785.7142857	-10.4
790.4761905	-10.4
795.2380952	-10.4
800	-10.4
804.7619048	-10.6
809.5238095	-10.4
814.2857143	-10.6
819.047619	-10.4
823.8095238	-10.6
828.5714286	-10.6
833.3333333	-10.4
838.0952381	-10.4
842.8571429	-10.6
847.6190476	-10.4
852.3809524	-10.6
857.1428571	-10.4
861.9047619	-10.6
866.6666667	-10.8
871.4285714	-10.8
876.1904762	-10.8
880.952381	-10.6
885.7142857	-10.6
890.4761905	-10.4
895.2380952	-10.6
900	-10.6
904.7619048	-10.6
909.5238095	-10.6
914.2857143	-10.4
919.047619	-10.4
923.8095238	-10.6
928.5714286	-10.6
933.3333333	-10.6
938.0952381	-10.6
942.8571429	-10.4
947.6190476	-10.6
952.3809524	-10.4
957.1428571	-10.6
961.9047619	-10.4
966.6666667	-10.6
971.4285714	-10.4
976.1904762	-10.4
980.952381	-10.4
985.7142857	-10.4
990.4761905	-10.2
995.2380952	-10.4
1000	-10.2
1004.761905	-10.4
1009.52381	-10.2
1014.285714	-10.2
1019.047619	-10.4
1023.809524	-10.2
1028.571429	-10.2
1033.333333	-10
1038.095238	-10.2
1042.857143	-10
1047.619048	-10.2
1052.380952	-10
1057.142857	-9.8
1061.904762	-9.8
1066.666667	-10
1071.428571	-10
1076.190476	-9.8
1080.952381	-10
1085.714286	-9.8
1090.47619	-9.8
1095.238095	-9.8
1100	-9.8
1104.761905	-9.6
1109.52381	-9.6
1114.285714	-9.6
1119.047619	-9.6
1123.809524	-9.4
1128.571429	-9.4
1133.333333	-9.4
1138.095238	-9.4
1142.857143	-9.2
1147.619048	-9.2
1152.380952	-9.2
1157.142857	-9.4
1161.904762	-9.2
1166.666667	-9.2
1171.428571	-9
1176.190476	-9.2
1180.952381	-8.8
1185.714286	-9
1190.47619	-9
1195.238095	-9
1200	-8.8
1204.761905	-8.6
1209.52381	-8.8
1214.285714	-8.6
1219.047619	-8.6
1223.809524	-8.4
1228.571429	-8.4
1233.333333	-8.4
1238.095238	-8.6
1242.857143	-8.4
1247.619048	-8.2
1252.380952	-8.2
1257.142857	-8.2
1261.904762	-8
1266.666667	-8
1271.428571	-8
1276.190476	-8
1280.952381	-7.8
1285.714286	-7.6
1290.47619	-7.8
1295.238095	-7.8
1300	-7.8
1304.761905	-7.8
1309.52381	-7.8
1314.285714	-7.6
1319.047619	-7.4
1323.809524	-7.6
1328.571429	-7.6
1333.333333	-7.4
1338.095238	-7.2
1342.857143	-7.2
1347.619048	-7
1352.380952	-7
1357.142857	-6.8
1361.904762	-7
1366.666667	-6.4
1371.428571	-6.8
1376.190476	-6.4
1380.952381	-6.6
1385.714286	-6.6
1390.47619	-6.2
1395.238095	-6.4
1400	-6.4
1404.761905	-6.2
1409.52381	-6
1414.285714	-6
1419.047619	-5.8
1423.809524	-5.8
1428.571429	-5.8
1433.333333	-5.6
1438.095238	-5.2
1442.857143	-5.6
1447.619048	-5
1452.380952	-5
1457.142857	-5.2
1461.904762	-4.8
1466.666667	-4.8
1471.428571	-4.4
1476.190476	-4.6
1480.952381	-4.6
1485.714286	-4.4
1490.47619	-4.4
1495.238095	-4.2
1500	-4.2
1504.761905	-4
1509.52381	-3.8
1514.285714	-3.8
1519.047619	-3.6
1523.809524	-3.8
1528.571429	-3.4
1533.333333	-3.4
1538.095238	-3.4
1542.857143	-3.4
1547.619048	-3.4
1552.380952	-3.4
1557.142857	-3
1561.904762	-2.8
1566.666667	-3
1571.428571	-2.8
1576.190476	-2.4
1580.952381	-2.8
1585.714286	-2.8
1590.47619	-2.4
1595.238095	-2.4
1600	-2.2
1604.761905	-2.4
1609.52381	-2
1614.285714	-1.8
1619.047619	-2
1623.809524	-1.6
1628.571429	-1.8
1633.333333	-1.6
1638.095238	-1.8
1642.857143	-1.6
1647.619048	-1.6
1652.380952	-1.4
1657.142857	-1.2
1661.904762	-1.2
1666.666667	-1.2
1671.428571	-1.2
1676.190476	-1
1680.952381	-1
1685.714286	-1
1690.47619	-0.8
1695.238095	-0.6
1700	-0.6
1704.761905	-0.8
1709.52381	-0.4
1714.285714	-0.6
1719.047619	-0.6
1723.809524	-0.4
1728.571429	-0.4
1733.333333	-0.2
1738.095238	-0.2
1742.857143	-0.4
1747.619048	0
1752.380952	0
1757.142857	0
1761.904762	0
1766.666667	0
1771.428571	0.2
1776.190476	0.4
1780.952381	0.4
1785.714286	0.4
1790.47619	0.6
1795.238095	0.4
1800	0.6
1804.761905	0.6
1809.52381	0.6
1814.285714	0.8
1819.047619	0.6
1823.809524	0.8
1828.571429	0.8
1833.333333	0.8
1838.095238	1
1842.857143	0.8
1847.619048	1.2
1852.380952	1.2
1857.142857	1
1861.904762	1.2
1866.666667	1.4
1871.428571	1.2
1876.190476	1.4
1880.952381	1.4
1885.714286	1.4
1890.47619	1.4
1895.238095	1.6
1900	1.6
1904.761905	1.6
1909.52381	1.8
1914.285714	1.6
1919.047619	1.8
1923.809524	1.6
1928.571429	1.8
1933.333333	1.8
1938.095238	2
1942.857143	2
1947.619048	1.8
1952.380952	2
1957.142857	2
1961.904762	2
1966.666667	2
1971.428571	2
1976.190476	2.2
1980.952381	2
1985.714286	2.2
1990.47619	2.2
1995.238095	2.2
2000	2.2
2004.761905	2.4
2009.52381	2.4
2014.285714	2.4
2019.047619	2.4
2023.809524	2.6
2028.571429	2.4
2033.333333	2.6
2038.095238	2.6
2042.857143	2.4
2047.619048	2.6
2052.380952	2.6
2057.142857	2.6
2061.904762	2.6
2066.666667	2.6
2071.428571	2.8
2076.190476	2.8
2080.952381	2.8
2085.714286	2.8
2090.47619	3
2095.238095	2.8
2100	2.8
2104.761905	2.8
2109.52381	3
2114.285714	2.8
2119.047619	3
2123.809524	3
2128.571429	3
2133.333333	3
2138.095238	3
2142.857143	3
2147.619048	3.2
2152.380952	3
2157.142857	3
2161.904762	3
2166.666667	3.2
2171.428571	3.2
2176.190476	3.2
2180.952381	3.4
2185.714286	3.4
2190.47619	3.2
2195.238095	3.2
2200	3.4
2204.761905	3.2
2209.52381	3.4
2214.285714	3.4
2219.047619	3.4
2223.809524	3.4
2228.571429	3.4
2233.333333	3.4
2238.095238	3.4
2242.857143	3.4
2247.619048	3.4
2252.380952	3.6
2257.142857	3.4
2261.904762	3.6
2266.666667	3.6
2271.428571	3.6
2276.190476	3.6
2280.952381	3.8
2285.714286	3.6
2290.47619	3.6
2295.238095	3.6
2300	3.6
2304.761905	3.6
2309.52381	3.6
2314.285714	3.8
2319.047619	3.8
2323.809524	4
2328.571429	3.8
2333.333333	3.8
2338.095238	3.6
2342.857143	3.8
2347.619048	3.8
2352.380952	3.8
2357.142857	3.8
2361.904762	3.8
2366.666667	4
2371.428571	4
2376.190476	4
2380.952381	3.8
2385.714286	4
2390.47619	3.8
2395.238095	4
2400	4
2404.761905	4
2409.52381	4
2414.285714	4
2419.047619	4
2423.809524	4
2428.571429	4
2433.333333	4
2438.095238	4
2442.857143	4
2447.619048	4.2
2452.380952	4
2457.142857	4
2461.904762	4.2
2466.666667	4
2471.428571	4.2
2476.190476	4.2
2480.952381	4.2
2485.714286	4
2490.47619	4.2
2495.238095	4.4
2500	4
2504.761905	4.2
2509.52381	4.2
2514.285714	4.2
2519.047619	4
2523.809524	4
2528.571429	4
2533.333333	4.2
2538.095238	4.2
2542.857143	4.2
2547.619048	4.2
2552.380952	4.4
2557.142857	4.2
2561.904762	4.2
2566.666667	4.2
2571.428571	4.2
2576.190476	4.2
2580.952381	4.2
2585.714286	4.4
2590.47619	4.4
2595.238095	4.2
2600	4.4
2604.761905	4.2
2609.52381	4.2
2614.285714	4.2
2619.047619	4.4
2623.809524	4.4
2628.571429	4.2
2633.333333	4.4
2638.095238	4.4
2642.857143	4.4
2647.619048	4.4
2652.380952	4.4
2657.142857	4.2
2661.904762	4.4
2666.666667	4.4
2671.428571	4.4
2676.190476	4.2
2680.952381	4.2
2685.714286	4.4
2690.47619	4.6
2695.238095	4.4
2700	4.4
2704.761905	4.4
2709.52381	4.2
2714.285714	4.4
2719.047619	4.4
2723.809524	4.2
2728.571429	4.4
2733.333333	4.2
2738.095238	4.4
2742.857143	4.4
2747.619048	4.4
2752.380952	4.4
2757.142857	4.4
2761.904762	4.2
2766.666667	4.4
2771.428571	4.2
2776.190476	4.6
2780.952381	4.4
2785.714286	4.4
2790.47619	4.6
2795.238095	4.6
2800	4.4
2804.761905	4.4
2809.52381	4.6
2814.285714	4.4
2819.047619	4.6
2823.809524	4.2
2828.571429	4.6
2833.333333	4.2
2838.095238	4.4
2842.857143	4.4
2847.619048	4.4
2852.380952	4.6
2857.142857	4.6
2861.904762	4.4
2866.666667	4.4
2871.428571	4.6
2876.190476	4.4
2880.952381	4.4
2885.714286	4.4
2890.47619	4.4
2895.238095	4.4
2900	4.6
2904.761905	4.6
2909.52381	4.4
2914.285714	4.6
2919.047619	4.6
2923.809524	4.6
2928.571429	4.4
2933.333333	4.6
2938.095238	4.6
2942.857143	4.6
2947.619048	4.6
2952.380952	4.6
2957.142857	4.4
2961.904762	4.4
2966.666667	4.6
2971.428571	4.6
2976.190476	4.6
2980.952381	4.4
2985.714286	4.6
2990.47619	4.6
2995.238095	4.4
3000	4.4
3004.761905	4.6
3009.52381	4.6
3014.285714	4.6
3019.047619	4.6
3023.809524	4.4
3028.571429	4.8
3033.333333	4.6
3038.095238	4.6
3042.857143	4.6
3047.619048	4.6
3052.380952	4.6
3057.142857	4.6
3061.904762	4.6
3066.666667	4.6
3071.428571	4.4
3076.190476	4.6
3080.952381	4.4
3085.714286	4.6
3090.47619	4.4
3095.238095	4.6
3100	4.6
3104.761905	4.6
3109.52381	4.6
3114.285714	4.4
3119.047619	4.6
3123.809524	4.6
3128.571429	4.6
3133.333333	4.6
3138.095238	4.6
3142.857143	4.6
3147.619048	4.8
3152.380952	4.6
3157.142857	4.4
3161.904762	4.6
3166.666667	4.6
3171.428571	4.6
3176.190476	4.6
3180.952381	4.6
3185.714286	4.6
3190.47619	4.6
3195.238095	4.6
3200	4.6
3204.761905	4.6
3209.52381	4.6
3214.285714	4.6
3219.047619	4.6
3223.809524	4.6
3228.571429	4.6
3233.333333	4.6
3238.095238	4.6
3242.857143	4.6
3247.619048	4.6
3252.380952	4.6
3257.142857	4.6
3261.904762	4.6
3266.666667	4.6
3271.428571	4.6
3276.190476	4.6
3280.952381	4.4
3285.714286	4.6
3290.47619	4.6
3295.238095	4.6
3300	4.6
3304.761905	4.6
3309.52381	4.6
3314.285714	4.6
3319.047619	4.6
3323.809524	4.6
3328.571429	4.8
3333.333333	4.6
3338.095238	4.6
3342.857143	4.4
3347.619048	4.6
3352.380952	4.6
3357.142857	4.8
3361.904762	4.6
3366.666667	4.6
3371.428571	4.6
3376.190476	4.6
3380.952381	4.6
3385.714286	4.6
3390.47619	4.6
3395.238095	4.6
3400	4.6
3404.761905	4.6
3409.52381	4.6
3414.285714	4.6
3419.047619	4.6
3423.809524	4.6
3428.571429	4.6
3433.333333	4.6
3438.095238	4.8
3442.857143	4.6
3447.619048	4.6
3452.380952	4.6
3457.142857	4.6
3461.904762	4.6
3466.666667	4.6
3471.428571	4.6
3476.190476	4.6
3480.952381	4.6
3485.714286	4.6
3490.47619	4.6
3495.238095	4.6
3500	4.6
3504.761905	4.6
3509.52381	4.6
3514.285714	4.6
3519.047619	4.6
3523.809524	4.6
3528.571429	4.6
3533.333333	4.6
3538.095238	4.8
3542.857143	4.6
3547.619048	4.6
3552.380952	4.6
3557.142857	4.8
3561.904762	4.6
3566.666667	4.6
3571.428571	4.6
3576.190476	4.6
3580.952381	4.8
3585.714286	4.4
3590.47619	4.8
3595.238095	4.6
3600	4.8
3604.761905	4.6
3609.52381	4.8
3614.285714	4.6
3619.047619	4.6
3623.809524	4.8
3628.571429	4.6
3633.333333	4.6
3638.095238	4.6
3642.857143	4.6
3647.619048	4.6
3652.380952	4.6
3657.142857	4.6
3661.904762	4.8
3666.666667	4.6
3671.428571	4.6
3676.190476	4.4
3680.952381	4.6
3685.714286	4.6
3690.47619	4.6
3695.238095	4.6
3700	4.6
3704.761905	4.6
3709.52381	4.6
3714.285714	4.6
3719.047619	4.8
3723.809524	4.6
3728.571429	4.6
3733.333333	4.8
3738.095238	4.8
3742.857143	4.6
3747.619048	4.8
3752.380952	4.8
3757.142857	4.6
3761.904762	4.6
3766.666667	4.6
3771.428571	4.8
3776.190476	4.4
3780.952381	4.6
3785.714286	4.6
3790.47619	4.8
3795.238095	4.6
3800	4.6
3804.761905	4.6
3809.52381	4.6
3814.285714	4.6
3819.047619	4.6
3823.809524	4.6
3828.571429	4.8
3833.333333	4.8
3838.095238	4.6
3842.857143	4.8
3847.619048	4.6
3852.380952	4.8
3857.142857	4.8
3861.904762	4.6
3866.666667	4.6
3871.428571	5
3876.190476	4.6
3880.952381	4.8
3885.714286	4.6
3890.47619	4.8
3895.238095	4.6
3900	4.8
3904.761905	4.6
3909.52381	4.8
3914.285714	4.6
3919.047619	4.6
3923.809524	4.8
3928.571429	4.6
3933.333333	4.6
3938.095238	4.6
3942.857143	4.6
3947.619048	4.6
3952.380952	4.6
3957.142857	4.8
3961.904762	4.6
3966.666667	4.6
3971.428571	4.6
3976.190476	4.8
3980.952381	4.8
3985.714286	4.6
3990.47619	4.6
3995.238095	4.6
4000	4.6
4004.761905	4.8
4009.52381	4.8
4014.285714	4.8
4019.047619	4.6
4023.809524	4.6
4028.571429	4.8
4033.333333	4.8
4038.095238	4.8
4042.857143	4.8
4047.619048	4.8
4052.380952	4.6
4057.142857	4.8
4061.904762	4.6
4066.666667	4.8
4071.428571	4.8
4076.190476	4.8
4080.952381	4.6
4085.714286	4.6
4090.47619	4.8
4095.238095	4.8
4100	4.8
4104.761905	4.8
4109.52381	4.8
4114.285714	4.8
4119.047619	4.6
4123.809524	4.6
4128.571429	4.8
4133.333333	4.8
4138.095238	4.8
4142.857143	4.8
4147.619048	4.8
4152.380952	4.8
4157.142857	4.8
4161.904762	4.8
4166.666667	5
4171.428571	4.8
4176.190476	5
4180.952381	4.8
4185.714286	4.8
4190.47619	4.8
4195.238095	4.8
4200	4.8
4204.761905	4.8
4209.52381	5
4214.285714	4.8
4219.047619	4.8
4223.809524	4.8
4228.571429	4.8
4233.333333	4.8
4238.095238	4.8
4242.857143	4.8
4247.619048	4.6
4252.380952	4.8
4257.142857	4.8
4261.904762	4.8
4266.666667	5
4271.428571	4.8
4276.190476	4.8
4280.952381	4.8
4285.714286	5
4290.47619	5
4295.238095	4.8
4300	4.8
4304.761905	5
4309.52381	4.8
4314.285714	4.8
4319.047619	4.6
4323.809524	4.8
4328.571429	4.8
4333.333333	5
4338.095238	4.6
4342.857143	4.8
4347.619048	4.8
4352.380952	5
4357.142857	4.8
4361.904762	4.8
4366.666667	4.8
4371.428571	5
4376.190476	4.8
4380.952381	5
4385.714286	5
4390.47619	5
4395.238095	4.8
4400	5
4404.761905	4.8
4409.52381	4.8
4414.285714	5
4419.047619	5
4423.809524	4.8
4428.571429	4.8
4433.333333	5
4438.095238	4.8
4442.857143	4.8
4447.619048	4.8
4452.380952	5
4457.142857	5
4461.904762	4.8
4466.666667	4.8
4471.428571	5
4476.190476	5
4480.952381	4.8
4485.714286	5
4490.47619	4.8
4495.238095	5
4500	4.8
4504.761905	4.8
4509.52381	4.8
4514.285714	5
4519.047619	5
4523.809524	5
4528.571429	4.8
4533.333333	5
4538.095238	4.8
4542.857143	4.8
4547.619048	4.8
4552.380952	4.8
4557.142857	5
4561.904762	5
4566.666667	5
4571.428571	4.8
4576.190476	5
4580.952381	5
4585.714286	5
4590.47619	4.8
4595.238095	4.8
4600	4.8
4604.761905	4.8
4609.52381	5
4614.285714	4.8
4619.047619	4.8
4623.809524	5
4628.571429	5
4633.333333	4.8
4638.095238	4.8
4642.857143	5
4647.619048	5
4652.380952	5
4657.142857	4.8
4661.904762	5
4666.666667	5
4671.428571	5
4676.190476	4.8
4680.952381	5
4685.714286	5
4690.47619	5
4695.238095	5
4700	5.2
4704.761905	4.8
4709.52381	4.8
4714.285714	5
4719.047619	5
4723.809524	5
4728.571429	5
4733.333333	4.8
4738.095238	5
4742.857143	5
4747.619048	5
4752.380952	4.8
4757.142857	4.8
4761.904762	4.8
4766.666667	5
4771.428571	5
4776.190476	4.8
4780.952381	5
4785.714286	5
4790.47619	5
4795.238095	5
4800	5
4804.761905	5
4809.52381	4.8
4814.285714	5.2
4819.047619	5
4823.809524	5.2
4828.571429	5
4833.333333	5
4838.095238	5
4842.857143	5.2
4847.619048	5
4852.380952	5
4857.142857	5
4861.904762	5
4866.666667	5
4871.428571	5
4876.190476	5
4880.952381	5
4885.714286	5
4890.47619	5
4895.238095	5.2
4900	4.8
4904.761905	5.2
4909.52381	5
4914.285714	4.8
4919.047619	5.2
4923.809524	5
4928.571429	4.8
4933.333333	5.2
4938.095238	5
4942.857143	4.8
4947.619048	5
4952.380952	4.8
4957.142857	5
4961.904762	5
4966.666667	5
4971.428571	5
4976.190476	5
4980.952381	5.2
4985.714286	5
4990.47619	5
4995.238095	5
5000	4.8
5004.761905	5
5009.52381	5
5014.285714	5
5019.047619	5
5023.809524	4.8
5028.571429	4.8
5033.333333	5.2
5038.095238	5
5042.857143	5
5047.619048	5
5052.380952	5
5057.142857	5
5061.904762	5
5066.666667	5
5071.428571	5
5076.190476	5
5080.952381	5
5085.714286	5.2
5090.47619	5
5095.238095	5
5100	5
5104.761905	5
5109.52381	5
5114.285714	5.2
5119.047619	5
5123.809524	5
5128.571429	5.2
5133.333333	5
5138.095238	5
5142.857143	5.2
5147.619048	5
5152.380952	5
5157.142857	5
5161.904762	5
5166.666667	5
5171.428571	5.2
5176.190476	4.8
5180.952381	5
5185.714286	5
5190.47619	5
5195.238095	5.2
5200	5
5204.761905	5
5209.52381	5
5214.285714	5.2
5219.047619	5
5223.809524	5.2
5228.571429	5
5233.333333	5
5238.095238	5
5242.857143	5
5247.619048	5
5252.380952	5
5257.142857	4.8
5261.904762	5
5266.666667	5.2
5271.428571	5.2
5276.190476	5
5280.952381	5
5285.714286	5
5290.47619	5.2
5295.238095	5
5300	5
5304.761905	5
5309.52381	5
5314.285714	5
5319.047619	5.2
5323.809524	5.2
5328.571429	5.2
5333.333333	5.2
5338.095238	5
5342.857143	5
5347.619048	5.2
5352.380952	5
5357.142857	5
5361.904762	5
5366.666667	5.2
5371.428571	5
5376.190476	5
5380.952381	5
5385.714286	5
5390.47619	5.2
5395.238095	5.2
5400	5.2
5404.761905	5.2
5409.52381	5
5414.285714	5
5419.047619	5
5423.809524	5
5428.571429	5.2
5433.333333	5.2
5438.095238	5.2
5442.857143	5
5447.619048	5
5452.380952	5
5457.142857	5.2
5461.904762	5
5466.666667	5
5471.428571	5.2
5476.190476	5.2
5480.952381	5.2
5485.714286	5
5490.47619	5.2
5495.238095	5.2
5500	5
5504.761905	5
5509.52381	5
5514.285714	5
5519.047619	5
5523.809524	5
5528.571429	5
5533.333333	5.2
5538.095238	5
5542.857143	5
5547.619048	5.2
5552.380952	5.2
5557.142857	5.2
5561.904762	5
5566.666667	5
5571.428571	5
5576.190476	5.2
5580.952381	5.2
5585.714286	5
5590.47619	5
5595.238095	5.2
5600	5
5604.761905	5
5609.52381	5.2
5614.285714	4.8
5619.047619	5.2
5623.809524	5
5628.571429	5
5633.333333	5
5638.095238	5.2
5642.857143	5
5647.619048	5.2
5652.380952	5.2
5657.142857	5.2
5661.904762	5
5666.666667	5
5671.428571	5
5676.190476	5.2
5680.952381	5
5685.714286	5
5690.47619	5
5695.238095	5.2
5700	5
5704.761905	5.2
5709.52381	5.2
5714.285714	5
5719.047619	5.2
5723.809524	5.2
5728.571429	5
5733.333333	5.2
5738.095238	5.2
5742.857143	5.2
5747.619048	5
5752.380952	5.2
5757.142857	5
5761.904762	5
5766.666667	5.2
5771.428571	5
5776.190476	5.2
5780.952381	5.2
5785.714286	5.2
5790.47619	5
5795.238095	5.2
5800	5
5804.761905	5
5809.52381	5.2
5814.285714	5.2
5819.047619	5.2
5823.809524	5.2
5828.571429	5.2
5833.333333	5
5838.095238	5.2
5842.857143	5
5847.619048	5.2
5852.380952	5.2
5857.142857	5.2
5861.904762	5
5866.666667	5.2
5871.428571	5
5876.190476	5.2
5880.952381	5.2
5885.714286	5.2
5890.47619	5.2
5895.238095	5.2
5900	5.2
5904.761905	5.2
5909.52381	5
5914.285714	5
5919.047619	5.2
5923.809524	5.2
5928.571429	5
5933.333333	5
5938.095238	5
5942.857143	5.2
5947.619048	5
