-2976.190476	-1	3.48
-2973.809524	-1	3.48
-2971.428571	-1	3.44
-2969.047619	-1.2	3.44
-2966.666667	-1.2	3.44
-2964.285714	-1	3.44
-2961.904762	-1	3.44
-2959.52381	-1	3.44
-2957.142857	-1	3.44
-2954.761905	-0.8	3.44
-2952.380952	-1	3.44
-2950	-1	3.44
-2947.619048	-0.8	3.44
-2945.238095	-1	3.44
-2942.857143	-1	3.44
-2940.47619	-1	3.44
-2938.095238	-1	3.48
-2935.714286	-1	3.44
-2933.333333	-1	3.44
-2930.952381	-1	3.44
-2928.571429	-1	3.44
-2926.190476	-1	3.44
-2923.809524	-1	3.44
-2921.428571	-1	3.44
-2919.047619	-1	3.44
-2916.666667	-1	3.44
-2914.285714	-1	3.44
-2911.904762	-1	3.44
-2909.52381	-1	3.44
-2907.142857	-1	3.4
-2904.761905	-0.8	3.44
-2902.380952	-1	3.44
-2900	-1	3.44
-2897.619048	-1	3.44
-2895.238095	-1	3.44
-2892.857143	-1	3.44
-2890.47619	-1.2	3.44
-2888.095238	-0.8	3.44
-2885.714286	-1	3.44
-2883.333333	-1	3.44
-2880.952381	-1	3.44
-2878.571429	-1	3.44
-2876.190476	-0.8	3.44
-2873.809524	-0.8	3.44
-2871.428571	-1	3.44
-2869.047619	-1	3.44
-2866.666667	-1	3.44
-2864.285714	-1	3.44
-2861.904762	-1	3.44
-2859.52381	-1	3.44
-2857.142857	-1	3.4
-2854.761905	-1	3.4
-2852.380952	-1	3.44
-2850	-1	3.44
-2847.619048	-1.2	3.44
-2845.238095	-1	3.44
-2842.857143	-1	3.44
-2840.47619	-1	3.44
-2838.095238	-1	3.44
-2835.714286	-1	3.44
-2833.333333	-1	3.44
-2830.952381	-1	3.44
-2828.571429	-1	3.44
-2826.190476	-0.8	3.44
-2823.809524	-1	3.44
-2821.428571	-1	3.44
-2819.047619	-1	3.44
-2816.666667	-1	3.44
-2814.285714	-1	3.44
-2811.904762	-1	3.44
-2809.52381	-1	3.4
-2807.142857	-1	3.44
-2804.761905	-1	3.44
-2802.380952	-0.8	3.44
-2800	-1	3.48
-2797.619048	-1	3.48
-2795.238095	-0.8	3.44
-2792.857143	-0.8	3.44
-2790.47619	-1	3.44
-2788.095238	-1	3.44
-2785.714286	-1	3.44
-2783.333333	-1	3.44
-2780.952381	-1	3.44
-2778.571429	-1	3.44
-2776.190476	-1	3.44
-2773.809524	-0.8	3.44
-2771.428571	-1	3.44
-2769.047619	-1	3.44
-2766.666667	-0.8	3.44
-2764.285714	-1	3.44
-2761.904762	-1	3.44
-2759.52381	-1	3.44
-2757.142857	-1	3.44
-2754.761905	-0.8	3.44
-2752.380952	-1	3.4
-2750	-1	3.44
-2747.619048	-1	3.48
-2745.238095	-0.8	3.44
-2742.857143	-0.8	3.44
-2740.47619	-0.8	3.44
-2738.095238	-0.8	3.44
-2735.714286	-1	3.44
-2733.333333	-1	3.44
-2730.952381	-0.8	3.44
-2728.571429	-0.8	3.4
-2726.190476	-0.8	3.44
-2723.809524	-1	3.44
-2721.428571	-1	3.44
-2719.047619	-1	3.44
-2716.666667	-1	3.44
-2714.285714	-0.8	3.44
-2711.904762	-1	3.44
-2709.52381	-1	3.44
-2707.142857	-0.8	3.44
-2704.761905	-0.8	3.44
-2702.380952	-1	3.44
-2700	-1	3.44
-2697.619048	-0.8	3.44
-2695.238095	-1	3.44
-2692.857143	-0.8	3.44
-2690.47619	-0.8	3.44
-2688.095238	-1	3.44
-2685.714286	-1	3.44
-2683.333333	-1	3.44
-2680.952381	-1	3.44
-2678.571429	-1	3.44
-2676.190476	-0.8	3.44
-2673.809524	-1	3.44
-2671.428571	-1	3.44
-2669.047619	-1	3.44
-2666.666667	-1	3.44
-2664.285714	-1	3.44
-2661.904762	-1	3.44
-2659.52381	-0.8	3.44
-2657.142857	-0.8	3.44
-2654.761905	-1	3.44
-2652.380952	-1	3.44
-2650	-1	3.44
-2647.619048	-0.8	3.44
-2645.238095	-0.8	3.44
-2642.857143	-1	3.44
-2640.47619	-0.8	3.44
-2638.095238	-0.8	3.44
-2635.714286	-1	3.44
-2633.333333	-1	3.44
-2630.952381	-0.8	3.44
-2628.571429	-0.8	3.48
-2626.190476	-1	3.44
-2623.809524	-0.8	3.44
-2621.428571	-1	3.44
-2619.047619	-0.8	3.44
-2616.666667	-0.8	3.44
-2614.285714	-0.8	3.44
-2611.904762	-0.8	3.44
-2609.52381	-0.8	3.48
-2607.142857	-0.8	3.44
-2604.761905	-0.8	3.44
-2602.380952	-1	3.44
-2600	-1	3.44
-2597.619048	-0.8	3.44
-2595.238095	-1	3.4
-2592.857143	-0.8	3.44
-2590.47619	-1	3.44
-2588.095238	-0.8	3.44
-2585.714286	-0.8	3.44
-2583.333333	-0.8	3.48
-2580.952381	-1	3.44
-2578.571429	-0.8	3.44
-2576.190476	-0.8	3.4
-2573.809524	-0.8	3.44
-2571.428571	-0.8	3.44
-2569.047619	-0.8	3.44
-2566.666667	-1	3.44
-2564.285714	-0.8	3.44
-2561.904762	-1	3.44
-2559.52381	-0.8	3.44
-2557.142857	-1	3.44
-2554.761905	-0.8	3.44
-2552.380952	-1	3.44
-2550	-0.8	3.44
-2547.619048	-0.8	3.44
-2545.238095	-0.8	3.44
-2542.857143	-0.8	3.44
-2540.47619	-0.8	3.44
-2538.095238	-1	3.44
-2535.714286	-0.8	3.44
-2533.333333	-0.8	3.44
-2530.952381	-0.8	3.44
-2528.571429	-0.8	3.44
-2526.190476	-0.8	3.44
-2523.809524	-0.8	3.44
-2521.428571	-0.8	3.44
-2519.047619	-0.8	3.44
-2516.666667	-0.8	3.44
-2514.285714	-1	3.4
-2511.904762	-1	3.44
-2509.52381	-0.8	3.4
-2507.142857	-1	3.44
-2504.761905	-0.8	3.44
-2502.380952	-0.8	3.4
-2500	-0.8	3.44
-2497.619048	-0.8	3.44
-2495.238095	-0.8	3.4
-2492.857143	-1	3.44
-2490.47619	-0.8	3.44
-2488.095238	-1	3.44
-2485.714286	-0.8	3.44
-2483.333333	-0.8	3.44
-2480.952381	-1	3.44
-2478.571429	-0.8	3.44
-2476.190476	-0.8	3.44
-2473.809524	-0.8	3.44
-2471.428571	-0.8	3.44
-2469.047619	-0.8	3.44
-2466.666667	-0.8	3.44
-2464.285714	-0.8	3.44
-2461.904762	-1	3.4
-2459.52381	-0.8	3.44
-2457.142857	-1	3.4
-2454.761905	-0.6	3.44
-2452.380952	-0.8	3.4
-2450	-0.8	3.44
-2447.619048	-0.8	3.44
-2445.238095	-0.8	3.44
-2442.857143	-1	3.44
-2440.47619	-0.8	3.44
-2438.095238	-0.8	3.44
-2435.714286	-0.8	3.44
-2433.333333	-0.8	3.4
-2430.952381	-0.6	3.44
-2428.571429	-1	3.44
-2426.190476	-0.8	3.4
-2423.809524	-0.8	3.44
-2421.428571	-0.8	3.4
-2419.047619	-0.6	3.44
-2416.666667	-0.8	3.44
-2414.285714	-1	3.44
-2411.904762	-0.8	3.44
-2409.52381	-0.8	3.44
-2407.142857	-0.8	3.4
-2404.761905	-1	3.44
-2402.380952	-0.8	3.4
-2400	-0.8	3.44
-2397.619048	-0.8	3.44
-2395.238095	-0.8	3.44
-2392.857143	-0.8	3.44
-2390.47619	-0.6	3.44
-2388.095238	-0.8	3.4
-2385.714286	-0.8	3.44
-2383.333333	-0.8	3.44
-2380.952381	-0.8	3.44
-2378.571429	-0.8	3.44
-2376.190476	-0.8	3.4
-2373.809524	-0.8	3.44
-2371.428571	-0.6	3.44
-2369.047619	-0.6	3.44
-2366.666667	-0.6	3.4
-2364.285714	-0.8	3.44
-2361.904762	-0.8	3.44
-2359.52381	-0.8	3.44
-2357.142857	-0.6	3.4
-2354.761905	-1	3.4
-2352.380952	-1	3.44
-2350	-0.8	3.4
-2347.619048	-0.8	3.44
-2345.238095	-0.6	3.44
-2342.857143	-0.8	3.4
-2340.47619	-0.6	3.44
-2338.095238	-0.8	3.44
-2335.714286	-0.8	3.44
-2333.333333	-0.6	3.44
-2330.952381	-0.8	3.44
-2328.571429	-0.8	3.44
-2326.190476	-0.8	3.44
-2323.809524	-0.8	3.44
-2321.428571	-0.6	3.44
-2319.047619	-0.8	3.44
-2316.666667	-0.8	3.44
-2314.285714	-0.6	3.44
-2311.904762	-0.8	3.44
-2309.52381	-0.8	3.4
-2307.142857	-0.8	3.4
-2304.761905	-0.8	3.44
-2302.380952	-0.8	3.44
-2300	-0.8	3.4
-2297.619048	-0.6	3.44
-2295.238095	-0.8	3.4
-2292.857143	-0.8	3.4
-2290.47619	-0.8	3.4
-2288.095238	-0.8	3.44
-2285.714286	-0.8	3.44
-2283.333333	-0.6	3.44
-2280.952381	-0.8	3.4
-2278.571429	-0.8	3.4
-2276.190476	-0.8	3.4
-2273.809524	-0.6	3.44
-2271.428571	-0.8	3.44
-2269.047619	-0.8	3.44
-2266.666667	-0.6	3.44
-2264.285714	-0.8	3.44
-2261.904762	-0.6	3.4
-2259.52381	-0.8	3.44
-2257.142857	-0.6	3.44
-2254.761905	-0.6	3.44
-2252.380952	-0.8	3.44
-2250	-0.8	3.4
-2247.619048	-0.8	3.44
-2245.238095	-0.6	3.44
-2242.857143	-0.8	3.44
-2240.47619	-0.6	3.4
-2238.095238	-0.8	3.4
-2235.714286	-0.6	3.4
-2233.333333	-0.6	3.44
-2230.952381	-0.8	3.4
-2228.571429	-0.6	3.44
-2226.190476	-0.8	3.44
-2223.809524	-0.8	3.4
-2221.428571	-0.6	3.44
-2219.047619	-0.6	3.4
-2216.666667	-0.8	3.4
-2214.285714	-0.8	3.44
-2211.904762	-0.8	3.4
-2209.52381	-0.6	3.44
-2207.142857	-0.8	3.44
-2204.761905	-0.8	3.44
-2202.380952	-0.8	3.44
-2200	-0.6	3.4
-2197.619048	-0.6	3.4
-2195.238095	-0.8	3.4
-2192.857143	-0.6	3.4
-2190.47619	-0.8	3.4
-2188.095238	-0.6	3.4
-2185.714286	-0.6	3.44
-2183.333333	-0.6	3.4
-2180.952381	-0.8	3.44
-2178.571429	-0.6	3.4
-2176.190476	-0.6	3.4
-2173.809524	-0.8	3.44
-2171.428571	-1	3.44
-2169.047619	-0.8	3.4
-2166.666667	-0.6	3.4
-2164.285714	-0.6	3.44
-2161.904762	-0.6	3.4
-2159.52381	-0.6	3.4
-2157.142857	-0.6	3.44
-2154.761905	-0.6	3.4
-2152.380952	-0.8	3.44
-2150	-0.6	3.4
-2147.619048	-0.8	3.44
-2145.238095	-0.6	3.44
-2142.857143	-0.6	3.4
-2140.47619	-0.6	3.4
-2138.095238	-0.6	3.4
-2135.714286	-0.8	3.4
-2133.333333	-0.6	3.4
-2130.952381	-0.8	3.4
-2128.571429	-0.6	3.4
-2126.190476	-0.6	3.4
-2123.809524	-0.6	3.44
-2121.428571	-0.8	3.4
-2119.047619	-0.8	3.4
-2116.666667	-0.6	3.4
-2114.285714	-0.8	3.4
-2111.904762	-0.6	3.4
-2109.52381	-0.6	3.4
-2107.142857	-0.8	3.44
-2104.761905	-0.8	3.4
-2102.380952	-0.6	3.44
-2100	-0.6	3.4
-2097.619048	-0.6	3.4
-2095.238095	-0.8	3.4
-2092.857143	-0.4	3.4
-2090.47619	-0.6	3.44
-2088.095238	-0.6	3.44
-2085.714286	-0.8	3.44
-2083.333333	-0.6	3.4
-2080.952381	-0.6	3.44
-2078.571429	-0.8	3.4
-2076.190476	-0.6	3.4
-2073.809524	-0.6	3.4
-2071.428571	-0.6	3.4
-2069.047619	-0.6	3.4
-2066.666667	-0.6	3.4
-2064.285714	-0.6	3.44
-2061.904762	-0.6	3.4
-2059.52381	-0.6	3.4
-2057.142857	-0.6	3.4
-2054.761905	-0.6	3.44
-2052.380952	-0.8	3.4
-2050	-0.6	3.4
-2047.619048	-0.6	3.4
-2045.238095	-0.6	3.4
-2042.857143	-0.6	3.4
-2040.47619	-0.8	3.4
-2038.095238	-0.6	3.4
-2035.714286	-0.6	3.4
-2033.333333	-0.6	3.4
-2030.952381	-0.6	3.4
-2028.571429	-0.6	3.4
-2026.190476	-0.6	3.4
-2023.809524	-0.6	3.4
-2021.428571	-0.6	3.4
-2019.047619	-0.6	3.4
-2016.666667	-0.6	3.4
-2014.285714	-0.6	3.4
-2011.904762	-0.6	3.4
-2009.52381	-0.6	3.44
-2007.142857	-0.6	3.4
-2004.761905	-0.6	3.4
-2002.380952	-0.6	3.4
-2000	-0.6	3.4
-1997.619048	-0.6	3.4
-1995.238095	-0.6	3.4
-1992.857143	-0.6	3.44
-1990.47619	-0.6	3.4
-1988.095238	-0.6	3.4
-1985.714286	-0.6	3.4
-1983.333333	-0.6	3.44
-1980.952381	-0.6	3.4
-1978.571429	-0.6	3.4
-1976.190476	-0.6	3.4
-1973.809524	-0.4	3.4
-1971.428571	-0.6	3.4
-1969.047619	-0.6	3.4
-1966.666667	-0.6	3.4
-1964.285714	-0.6	3.4
-1961.904762	-0.6	3.4
-1959.52381	-0.6	3.4
-1957.142857	-0.6	3.4
-1954.761905	-0.6	3.4
-1952.380952	-0.6	3.4
-1950	-0.4	3.4
-1947.619048	-0.6	3.4
-1945.238095	-0.4	3.4
-1942.857143	-0.6	3.44
-1940.47619	-0.6	3.4
-1938.095238	-0.8	3.4
-1935.714286	-0.6	3.4
-1933.333333	-0.6	3.4
-1930.952381	-0.4	3.4
-1928.571429	-0.6	3.4
-1926.190476	-0.6	3.4
-1923.809524	-0.6	3.4
-1921.428571	-0.6	3.4
-1919.047619	-0.6	3.4
-1916.666667	-0.6	3.4
-1914.285714	-0.6	3.4
-1911.904762	-0.6	3.4
-1909.52381	-0.6	3.4
-1907.142857	-0.8	3.4
-1904.761905	-0.6	3.4
-1902.380952	-0.6	3.36
-1900	-0.6	3.4
-1897.619048	-0.6	3.4
-1895.238095	-0.4	3.4
-1892.857143	-0.6	3.4
-1890.47619	-0.6	3.4
-1888.095238	-0.6	3.4
-1885.714286	-0.4	3.4
-1883.333333	-0.4	3.4
-1880.952381	-0.6	3.4
-1878.571429	-0.4	3.4
-1876.190476	-0.6	3.4
-1873.809524	-0.6	3.4
-1871.428571	-0.6	3.4
-1869.047619	-0.6	3.4
-1866.666667	-0.4	3.4
-1864.285714	-0.4	3.4
-1861.904762	-0.6	3.4
-1859.52381	-0.6	3.4
-1857.142857	-0.6	3.4
-1854.761905	-0.6	3.4
-1852.380952	-0.4	3.4
-1850	-0.6	3.4
-1847.619048	-0.4	3.4
-1845.238095	-0.6	3.4
-1842.857143	-0.4	3.4
-1840.47619	-0.6	3.4
-1838.095238	-0.6	3.4
-1835.714286	-0.6	3.36
-1833.333333	-0.4	3.4
-1830.952381	-0.6	3.4
-1828.571429	-0.6	3.4
-1826.190476	-0.4	3.44
-1823.809524	-0.4	3.4
-1821.428571	-0.4	3.4
-1819.047619	-0.4	3.4
-1816.666667	-0.6	3.4
-1814.285714	-0.4	3.4
-1811.904762	-0.4	3.4
-1809.52381	-0.6	3.4
-1807.142857	-0.4	3.4
-1804.761905	-0.6	3.36
-1802.380952	-0.6	3.36
-1800	-0.6	3.36
-1797.619048	-0.4	3.36
-1795.238095	-0.4	3.4
-1792.857143	-0.4	3.36
-1790.47619	-0.6	3.36
-1788.095238	-0.4	3.4
-1785.714286	-0.4	3.36
-1783.333333	-0.4	3.36
-1780.952381	-0.6	3.4
-1778.571429	-0.4	3.36
-1776.190476	-0.4	3.4
-1773.809524	-0.4	3.36
-1771.428571	-0.4	3.36
-1769.047619	-0.6	3.36
-1766.666667	-0.4	3.4
-1764.285714	-0.6	3.4
-1761.904762	-0.6	3.4
-1759.52381	-0.6	3.36
-1757.142857	-0.2	3.36
-1754.761905	-0.6	3.36
-1752.380952	-0.4	3.36
-1750	-0.4	3.36
-1747.619048	-0.4	3.36
-1745.238095	-0.4	3.36
-1742.857143	-0.6	3.36
-1740.47619	-0.4	3.36
-1738.095238	-0.4	3.36
-1735.714286	-0.4	3.36
-1733.333333	-0.4	3.36
-1730.952381	-0.4	3.36
-1728.571429	-0.6	3.36
-1726.190476	-0.4	3.36
-1723.809524	-0.2	3.4
-1721.428571	-0.6	3.36
-1719.047619	-0.4	3.36
-1716.666667	-0.6	3.36
-1714.285714	-0.4	3.36
-1711.904762	-0.4	3.36
-1709.52381	-0.2	3.36
-1707.142857	-0.4	3.36
-1704.761905	-0.4	3.36
-1702.380952	-0.6	3.36
-1700	-0.4	3.36
-1697.619048	-0.4	3.36
-1695.238095	-0.4	3.36
-1692.857143	-0.4	3.36
-1690.47619	-0.4	3.36
-1688.095238	-0.4	3.36
-1685.714286	-0.4	3.36
-1683.333333	-0.4	3.36
-1680.952381	-0.2	3.36
-1678.571429	-0.6	3.4
-1676.190476	-0.6	3.36
-1673.809524	-0.4	3.36
-1671.428571	-0.4	3.36
-1669.047619	-0.4	3.36
-1666.666667	-0.2	3.36
-1664.285714	-0.4	3.36
-1661.904762	-0.4	3.36
-1659.52381	-0.4	3.36
-1657.142857	-0.4	3.36
-1654.761905	-0.2	3.36
-1652.380952	-0.2	3.36
-1650	-0.4	3.36
-1647.619048	-0.4	3.36
-1645.238095	-0.2	3.36
-1642.857143	-0.4	3.4
-1640.47619	-0.4	3.36
-1638.095238	-0.4	3.36
-1635.714286	-0.2	3.36
-1633.333333	-0.4	3.36
-1630.952381	-0.2	3.36
-1628.571429	-0.4	3.36
-1626.190476	-0.2	3.36
-1623.809524	-0.2	3.36
-1621.428571	-0.2	3.36
-1619.047619	-0.2	3.36
-1616.666667	-0.4	3.36
-1614.285714	0	3.36
-1611.904762	-0.4	3.36
-1609.52381	-0.2	3.36
-1607.142857	-0.4	3.36
-1604.761905	-0.4	3.36
-1602.380952	-0.4	3.36
-1600	-0.2	3.36
-1597.619048	-0.2	3.32
-1595.238095	-0.4	3.32
-1592.857143	-0.2	3.36
-1590.47619	-0.4	3.36
-1588.095238	-0.4	3.36
-1585.714286	-0.2	3.36
-1583.333333	0	3.36
-1580.952381	-0.2	3.36
-1578.571429	-0.4	3.36
-1576.190476	-0.2	3.36
-1573.809524	-0.4	3.36
-1571.428571	-0.4	3.36
-1569.047619	-0.2	3.36
-1566.666667	-0.2	3.36
-1564.285714	-0.2	3.36
-1561.904762	-0.2	3.36
-1559.52381	-0.2	3.36
-1557.142857	-0.2	3.32
-1554.761905	-0.2	3.36
-1552.380952	-0.2	3.36
-1550	-0.2	3.36
-1547.619048	-0.2	3.36
-1545.238095	-0.2	3.36
-1542.857143	-0.2	3.32
-1540.47619	0	3.36
-1538.095238	-0.2	3.36
-1535.714286	-0.2	3.32
-1533.333333	-0.2	3.36
-1530.952381	0	3.36
-1528.571429	-0.2	3.36
-1526.190476	-0.2	3.32
-1523.809524	0	3.36
-1521.428571	0	3.36
-1519.047619	0	3.36
-1516.666667	0	3.36
-1514.285714	0	3.32
-1511.904762	0	3.36
-1509.52381	0	3.36
-1507.142857	0	3.36
-1504.761905	0	3.32
-1502.380952	-0.2	3.36
-1500	0	3.32
-1497.619048	0	3.32
-1495.238095	0	3.32
-1492.857143	0	3.32
-1490.47619	0	3.32
-1488.095238	0	3.36
-1485.714286	0	3.32
-1483.333333	0	3.32
-1480.952381	-0.2	3.32
-1478.571429	0	3.32
-1476.190476	0	3.32
-1473.809524	0	3.32
-1471.428571	0	3.32
-1469.047619	0.2	3.32
-1466.666667	0	3.32
-1464.285714	0.2	3.32
-1461.904762	0	3.32
-1459.52381	0	3.32
-1457.142857	-0.2	3.32
-1454.761905	0	3.32
-1452.380952	0.2	3.32
-1450	0	3.32
-1447.619048	0.2	3.32
-1445.238095	0.2	3.32
-1442.857143	0	3.32
-1440.47619	0.2	3.32
-1438.095238	0	3.32
-1435.714286	0.2	3.32
-1433.333333	0.2	3.32
-1430.952381	0	3.32
-1428.571429	0	3.32
-1426.190476	0	3.36
-1423.809524	0	3.28
-1421.428571	0.2	3.32
-1419.047619	0	3.28
-1416.666667	0.2	3.32
-1414.285714	0	3.32
-1411.904762	0.2	3.32
-1409.52381	0.2	3.32
-1407.142857	0.2	3.32
-1404.761905	0.2	3.32
-1402.380952	0.4	3.28
-1400	0.4	3.28
-1397.619048	0.4	3.28
-1395.238095	0.4	3.28
-1392.857143	0.2	3.28
-1390.47619	0.2	3.28
-1388.095238	0.4	3.32
-1385.714286	0.4	3.32
-1383.333333	0.2	3.32
-1380.952381	0.4	3.28
-1378.571429	0.4	3.28
-1376.190476	0.4	3.28
-1373.809524	0.4	3.28
-1371.428571	0.4	3.28
-1369.047619	0.4	3.28
-1366.666667	0.4	3.28
-1364.285714	0.4	3.28
-1361.904762	0.4	3.28
-1359.52381	0.4	3.28
-1357.142857	0.4	3.28
-1354.761905	0.4	3.28
-1352.380952	0.6	3.28
-1350	0.4	3.28
-1347.619048	0.4	3.28
-1345.238095	0.4	3.28
-1342.857143	0.4	3.28
-1340.47619	0.6	3.28
-1338.095238	0.6	3.28
-1335.714286	0.4	3.28
-1333.333333	0.6	3.28
-1330.952381	0.4	3.28
-1328.571429	0.6	3.24
-1326.190476	0.4	3.28
-1323.809524	0.6	3.28
-1321.428571	0.6	3.28
-1319.047619	0.6	3.28
-1316.666667	0.6	3.28
-1314.285714	0.6	3.28
-1311.904762	0.6	3.28
-1309.52381	0.8	3.28
-1307.142857	0.6	3.28
-1304.761905	0.8	3.28
-1302.380952	0.6	3.28
-1300	0.6	3.24
-1297.619048	0.8	3.24
-1295.238095	0.8	3.24
-1292.857143	0.6	3.28
-1290.47619	0.6	3.24
-1288.095238	0.6	3.24
-1285.714286	0.8	3.28
-1283.333333	0.8	3.24
-1280.952381	0.8	3.24
-1278.571429	0.8	3.24
-1276.190476	1	3.24
-1273.809524	0.8	3.24
-1271.428571	1	3.24
-1269.047619	0.8	3.2
-1266.666667	1	3.24
-1264.285714	1	3.24
-1261.904762	1	3.24
-1259.52381	1	3.2
-1257.142857	1.2	3.24
-1254.761905	1.2	3.2
-1252.380952	1.2	3.24
-1250	1	3.24
-1247.619048	1	3.2
-1245.238095	1	3.2
-1242.857143	1.2	3.2
-1240.47619	1	3.2
-1238.095238	1.2	3.2
-1235.714286	1.2	3.2
-1233.333333	1.2	3.2
-1230.952381	1.2	3.2
-1228.571429	1.2	3.2
-1226.190476	1.2	3.2
-1223.809524	1.2	3.2
-1221.428571	1.2	3.2
-1219.047619	1.4	3.2
-1216.666667	1.2	3.2
-1214.285714	1.2	3.2
-1211.904762	1.2	3.2
-1209.52381	1.4	3.2
-1207.142857	1.4	3.2
-1204.761905	1.4	3.16
-1202.380952	1.4	3.2
-1200	1.4	3.2
-1197.619048	1.4	3.16
-1195.238095	1.4	3.16
-1192.857143	1.6	3.2
-1190.47619	1.6	3.16
-1188.095238	1.6	3.2
-1185.714286	1.8	3.16
-1183.333333	1.6	3.16
-1180.952381	1.6	3.2
-1178.571429	1.6	3.16
-1176.190476	1.6	3.16
-1173.809524	1.6	3.16
-1171.428571	1.8	3.16
-1169.047619	1.8	3.16
-1166.666667	1.6	3.16
-1164.285714	1.8	3.16
-1161.904762	1.8	3.16
-1159.52381	1.8	3.16
-1157.142857	1.8	3.12
-1154.761905	1.8	3.16
-1152.380952	1.8	3.12
-1150	1.8	3.16
-1147.619048	1.8	3.16
-1145.238095	1.8	3.12
-1142.857143	2	3.12
-1140.47619	2.2	3.12
-1138.095238	2	3.12
-1135.714286	2	3.12
-1133.333333	2	3.12
-1130.952381	2	3.12
-1128.571429	2.2	3.12
-1126.190476	2.2	3.12
-1123.809524	2.2	3.12
-1121.428571	2	3.12
-1119.047619	2.2	3.12
-1116.666667	2.2	3.08
-1114.285714	2	3.12
-1111.904762	2.4	3.08
-1109.52381	2.2	3.08
-1107.142857	2.2	3.08
-1104.761905	2.4	3.08
-1102.380952	2.4	3.08
-1100	2.4	3.08
-1097.619048	2.4	3.08
-1095.238095	2.4	3.08
-1092.857143	2.4	3.04
-1090.47619	2.4	3.08
-1088.095238	2.4	3.08
-1085.714286	2.4	3.08
-1083.333333	2.6	3.08
-1080.952381	2.6	3.08
-1078.571429	2.6	3.04
-1076.190476	2.6	3.04
-1073.809524	2.6	3.04
-1071.428571	2.6	3.04
-1069.047619	2.8	3.04
-1066.666667	2.6	3.04
-1064.285714	2.8	3
-1061.904762	2.8	3
-1059.52381	2.8	3.04
-1057.142857	3	3
-1054.761905	3	3
-1052.380952	3	3
-1050	2.8	3
-1047.619048	3	3
-1045.238095	3	3
-1042.857143	3	3
-1040.47619	3.2	3
-1038.095238	3.2	3
-1035.714286	3.2	3
-1033.333333	3.2	3
-1030.952381	3.2	2.96
-1028.571429	3.2	2.96
-1026.190476	3.4	2.96
-1023.809524	3.6	2.96
-1021.428571	3.4	2.96
-1019.047619	3.4	2.96
-1016.666667	3.6	2.96
-1014.285714	3.6	2.96
-1011.904762	3.6	2.96
-1009.52381	3.6	2.96
-1007.142857	3.4	2.92
-1004.761905	3.6	2.92
-1002.380952	3.6	2.92
-1000	3.8	2.92
-997.6190476	3.8	2.92
-995.2380952	4	2.92
-992.8571429	3.8	2.92
-990.4761905	3.8	2.92
-988.0952381	4	2.92
-985.7142857	4	2.88
-983.3333333	4	2.88
-980.952381	4	2.88
-978.5714286	4	2.88
-976.1904762	4.2	2.88
-973.8095238	4.4	2.88
-971.4285714	4.2	2.88
-969.047619	4	2.88
-966.6666667	4.2	2.84
-964.2857143	4.4	2.84
-961.9047619	4.2	2.84
-959.5238095	4.4	2.84
-957.1428571	4.4	2.84
-954.7619048	4.4	2.84
-952.3809524	4.6	2.84
-950	4.6	2.84
-947.6190476	4.6	2.84
-945.2380952	4.6	2.84
-942.8571429	4.6	2.8
-940.4761905	4.6	2.8
-938.0952381	4.8	2.8
-935.7142857	4.6	2.8
-933.3333333	5	2.8
-930.952381	4.8	2.8
-928.5714286	4.8	2.8
-926.1904762	5	2.8
-923.8095238	5	2.76
-921.4285714	5.2	2.76
-919.047619	4.8	2.76
-916.6666667	5	2.72
-914.2857143	5	2.76
-911.9047619	5.2	2.76
-909.5238095	5.2	2.72
-907.1428571	5.4	2.72
-904.7619048	5.2	2.72
-902.3809524	5.4	2.72
-900	5.4	2.72
-897.6190476	5.4	2.72
-895.2380952	5.4	2.72
-892.8571429	5.4	2.72
-890.4761905	5.2	2.68
-888.0952381	5.6	2.68
-885.7142857	5.4	2.68
-883.3333333	5.4	2.68
-880.952381	5.8	2.68
-878.5714286	5.6	2.68
-876.1904762	5.8	2.64
-873.8095238	5.6	2.64
-871.4285714	5.8	2.64
-869.047619	5.8	2.64
-866.6666667	5.8	2.64
-864.2857143	5.8	2.6
-861.9047619	5.8	2.64
-859.5238095	5.8	2.6
-857.1428571	6	2.64
-854.7619048	6.2	2.6
-852.3809524	6	2.6
-850	5.8	2.6
-847.6190476	6.2	2.56
-845.2380952	6.2	2.6
-842.8571429	6	2.56
-840.4761905	6.2	2.56
-838.0952381	6.2	2.56
-835.7142857	6.2	2.56
-833.3333333	6.4	2.52
-830.952381	6.4	2.56
-828.5714286	6.4	2.52
-826.1904762	6.4	2.52
-823.8095238	6.6	2.52
-821.4285714	6.4	2.52
-819.047619	6.4	2.52
-816.6666667	6.6	2.48
-814.2857143	6.6	2.48
-811.9047619	6.6	2.48
-809.5238095	6.8	2.48
-807.1428571	6.8	2.48
-804.7619048	6.6	2.48
-802.3809524	6.8	2.44
-800	6.8	2.44
-797.6190476	7	2.44
-795.2380952	7	2.44
-792.8571429	7	2.44
-790.4761905	7	2.44
-788.0952381	7	2.4
-785.7142857	7.2	2.4
-783.3333333	7.2	2.4
-780.952381	7	2.36
-778.5714286	7	2.36
-776.1904762	7	2.36
-773.8095238	7.2	2.36
-771.4285714	7.2	2.36
-769.047619	7.4	2.36
-766.6666667	7.4	2.36
-764.2857143	7.4	2.32
-761.9047619	7.4	2.32
-759.5238095	7.4	2.32
-757.1428571	7.6	2.32
-754.7619048	7.6	2.28
-752.3809524	7.4	2.28
-750	7.6	2.28
-747.6190476	7.6	2.28
-745.2380952	7.6	2.24
-742.8571429	7.8	2.28
-740.4761905	7.8	2.24
-738.0952381	7.8	2.28
-735.7142857	7.8	2.28
-733.3333333	7.8	2.24
-730.952381	8	2.2
-728.5714286	8	2.2
-726.1904762	8	2.2
-723.8095238	8	2.2
-721.4285714	8	2.16
-719.047619	8	2.16
-716.6666667	8	2.16
-714.2857143	8.2	2.16
-711.9047619	8.2	2.16
-709.5238095	8.2	2.12
-707.1428571	8.2	2.12
-704.7619048	8.4	2.12
-702.3809524	8.4	2.12
-700	8.2	2.08
-697.6190476	8.2	2.08
-695.2380952	8.4	2.08
-692.8571429	8.2	2.08
-690.4761905	8.4	2.04
-688.0952381	8.4	2.04
-685.7142857	8.6	2.04
-683.3333333	8.6	2.04
-680.952381	8.6	2.04
-678.5714286	8.6	2.04
-676.1904762	8.6	2
-673.8095238	8.6	2
-671.4285714	8.4	2
-669.047619	8.6	1.96
-666.6666667	8.6	1.96
-664.2857143	8.4	2
-661.9047619	8.6	1.96
-659.5238095	8.6	1.96
-657.1428571	8.6	1.96
-654.7619048	8.6	1.92
-652.3809524	8.8	1.88
-650	8.8	1.88
-647.6190476	8.8	1.92
-645.2380952	8.8	1.88
-642.8571429	8.8	1.88
-640.4761905	9	1.88
-638.0952381	8.6	1.84
-635.7142857	9	1.84
-633.3333333	9	1.84
-630.952381	9.2	1.84
-628.5714286	9	1.84
-626.1904762	9	1.8
-623.8095238	9	1.8
-621.4285714	9	1.8
-619.047619	9	1.8
-616.6666667	9	1.8
-614.2857143	9	1.76
-611.9047619	9	1.8
-609.5238095	9	1.76
-607.1428571	9	1.76
-604.7619048	9.2	1.72
-602.3809524	9	1.72
-600	9.2	1.72
-597.6190476	9	1.72
-595.2380952	9.2	1.72
-592.8571429	9	1.72
-590.4761905	9	1.68
-588.0952381	9.2	1.68
-585.7142857	9.2	1.64
-583.3333333	9.2	1.64
-580.952381	9.2	1.6
-578.5714286	9.2	1.6
-576.1904762	9.2	1.6
-573.8095238	9.2	1.6
-571.4285714	9.2	1.6
-569.047619	9.2	1.6
-566.6666667	9.2	1.6
-564.2857143	9.2	1.56
-561.9047619	9.2	1.56
-559.5238095	9.2	1.52
-557.1428571	9.2	1.52
-554.7619048	9.2	1.52
-552.3809524	9.2	1.52
-550	9.2	1.52
-547.6190476	9.2	1.52
-545.2380952	9.2	1.48
-542.8571429	9.2	1.48
-540.4761905	9.2	1.48
-538.0952381	9.2	1.44
-535.7142857	9.2	1.44
-533.3333333	9.2	1.44
-530.952381	9.2	1.44
-528.5714286	9.2	1.44
-526.1904762	9.2	1.4
-523.8095238	9.2	1.4
-521.4285714	9.2	1.4
-519.047619	9.2	1.4
-516.6666667	9.2	1.4
-514.2857143	9	1.36
-511.9047619	9.2	1.36
-509.5238095	9	1.36
-507.1428571	9	1.36
-504.7619048	9.2	1.32
-502.3809524	9.2	1.32
-500	9	1.32
-497.6190476	9.2	1.28
-495.2380952	9.2	1.28
-492.8571429	9	1.28
-490.4761905	9	1.28
-488.0952381	9	1.28
-485.7142857	9	1.24
-483.3333333	9	1.24
-480.952381	8.8	1.24
-478.5714286	9	1.24
-476.1904762	9	1.24
-473.8095238	9	1.2
-471.4285714	9	1.2
-469.047619	9	1.2
-466.6666667	8.8	1.16
-464.2857143	8.8	1.16
-461.9047619	9	1.16
-459.5238095	9	1.16
-457.1428571	8.8	1.16
-454.7619048	8.6	1.16
-452.3809524	8.8	1.12
-450	8.6	1.12
-447.6190476	8.8	1.12
-445.2380952	8.6	1.12
-442.8571429	8.6	1.12
-440.4761905	8.8	1.12
-438.0952381	8.6	1.08
-435.7142857	8.6	1.08
-433.3333333	8.6	1.08
-430.952381	8.6	1.08
-428.5714286	8.4	1.08
-426.1904762	8.6	1.08
-423.8095238	8.4	1.04
-421.4285714	8.4	1.04
-419.047619	8.4	1.04
-416.6666667	8.4	1
-414.2857143	8.2	1.04
-411.9047619	8.4	1
-409.5238095	8.4	1
-407.1428571	8.4	0.96
-404.7619048	8.2	0.96
-402.3809524	8.2	1
-400	8	0.96
-397.6190476	8	0.96
-395.2380952	8.2	1
-392.8571429	8.2	0.96
-390.4761905	8	0.96
-388.0952381	8	0.96
-385.7142857	8	0.92
-383.3333333	8	0.92
-380.952381	8	0.88
-378.5714286	7.8	0.92
-376.1904762	7.8	0.88
-373.8095238	7.6	0.88
-371.4285714	7.6	0.88
-369.047619	7.6	0.88
-366.6666667	7.8	0.88
-364.2857143	7.6	0.88
-361.9047619	7.6	0.84
-359.5238095	7.6	0.84
-357.1428571	7.4	0.84
-354.7619048	7.4	0.84
-352.3809524	7.4	0.84
-350	7.4	0.8
-347.6190476	7.4	0.8
-345.2380952	7.2	0.8
-342.8571429	7.2	0.8
-340.4761905	7.2	0.76
-338.0952381	7.2	0.8
-335.7142857	7.2	0.8
-333.3333333	7.2	0.76
-330.952381	7.2	0.76
-328.5714286	6.8	0.76
-326.1904762	7	0.76
-323.8095238	6.8	0.76
-321.4285714	6.8	0.76
-319.047619	6.8	0.76
-316.6666667	6.8	0.72
-314.2857143	6.6	0.72
-311.9047619	6.8	0.72
-309.5238095	6.6	0.72
-307.1428571	6.6	0.72
-304.7619048	6.6	0.72
-302.3809524	6.4	0.68
-300	6.4	0.68
-297.6190476	6.4	0.68
-295.2380952	6.2	0.68
-292.8571429	6.4	0.68
-290.4761905	6.2	0.68
-288.0952381	6.2	0.68
-285.7142857	6.2	0.68
-283.3333333	6	0.64
-280.952381	6.2	0.64
-278.5714286	5.8	0.64
-276.1904762	6	0.68
-273.8095238	6	0.64
-271.4285714	5.8	0.6
-269.047619	6	0.6
-266.6666667	5.8	0.6
-264.2857143	5.8	0.6
-261.9047619	5.8	0.6
-259.5238095	5.8	0.6
-257.1428571	5.6	0.6
-254.7619048	5.6	0.6
-252.3809524	5.4	0.6
-250	5.6	0.6
-247.6190476	5.4	0.6
-245.2380952	5.4	0.6
-242.8571429	5.4	0.56
-240.4761905	5.4	0.56
-238.0952381	5.2	0.6
-235.7142857	5.4	0.56
-233.3333333	5.2	0.56
-230.952381	5.2	0.56
-228.5714286	5.2	0.52
-226.1904762	5.2	0.56
-223.8095238	5.2	0.52
-221.4285714	4.8	0.56
-219.047619	4.8	0.56
-216.6666667	4.8	0.52
-214.2857143	4.8	0.52
-211.9047619	4.6	0.52
-209.5238095	4.8	0.52
-207.1428571	4.6	0.52
-204.7619048	4.6	0.52
-202.3809524	4.6	0.52
-200	4.6	0.48
-197.6190476	4.2	0.48
-195.2380952	4.2	0.48
-192.8571429	4.2	0.48
-190.4761905	4.2	0.48
-188.0952381	4.2	0.48
-185.7142857	4	0.48
-183.3333333	4	0.48
-180.952381	4	0.48
-178.5714286	4	0.48
-176.1904762	4	0.48
-173.8095238	3.8	0.48
-171.4285714	4	0.48
-169.047619	3.8	0.44
-166.6666667	3.6	0.44
-164.2857143	3.6	0.48
-161.9047619	3.6	0.48
-159.5238095	3.6	0.44
-157.1428571	3.4	0.48
-154.7619048	3.4	0.44
-152.3809524	3.4	0.44
-150	3.2	0.44
-147.6190476	3	0.48
-145.2380952	3	0.44
-142.8571429	3.2	0.44
-140.4761905	3	0.44
-138.0952381	3	0.44
-135.7142857	3	0.44
-133.3333333	3	0.44
-130.952381	2.8	0.44
-128.5714286	2.8	0.4
-126.1904762	2.6	0.44
-123.8095238	2.8	0.4
-121.4285714	2.6	0.4
-119.047619	2.6	0.44
-116.6666667	2.6	0.4
-114.2857143	2.6	0.4
-111.9047619	2.4	0.4
-109.5238095	2.4	0.44
-107.1428571	2.4	0.4
-104.7619048	2.4	0.4
-102.3809524	2.2	0.4
-100	2.2	0.4
-97.61904762	2.2	0.4
-95.23809524	2.2	0.4
-92.85714286	1.8	0.4
-90.47619048	2	0.4
-88.0952381	1.8	0.4
-85.71428571	1.8	0.4
-83.33333333	1.8	0.4
-80.95238095	1.8	0.4
-78.57142857	1.8	0.4
-76.19047619	1.8	0.4
-73.80952381	1.6	0.4
-71.42857143	1.4	0.4
-69.04761905	1.6	0.4
-66.66666667	1.4	0.4
-64.28571429	1.4	0.4
-61.9047619	1.4	0.4
-59.52380952	1.2	0.4
-57.14285714	1.2	0.4
-54.76190476	1.2	0.4
-52.38095238	1.2	0.4
-50	1.2	0.4
-47.61904762	1.2	0.4
-45.23809524	1.2	0.4
-42.85714286	1	0.4
-40.47619048	1	0.4
-38.0952381	0.8	0.4
-35.71428571	0.6	0.4
-33.33333333	0.8	0.4
-30.95238095	0.6	0.4
-28.57142857	0.6	0.4
-26.19047619	0.6	0.4
-23.80952381	0.6	0.4
-21.42857143	0.4	0.4
-19.04761905	0.4	0.4
-16.66666667	0.4	0.4
-14.28571429	0.4	0.4
-11.9047619	0.4	0.4
-9.523809524	0	0.4
-7.142857143	0	0.4
-4.761904762	0	0.4
-2.380952381	0	0.4
0	0	0.4
2.380952381	0	0.44
4.761904762	-0.2	0.4
7.142857143	-0.2	0.4
9.523809524	0	0.4
11.9047619	-0.4	0.4
14.28571429	-0.4	0.44
16.66666667	-0.4	0.44
19.04761905	-0.6	0.44
21.42857143	-0.6	0.44
23.80952381	-0.6	0.44
26.19047619	-0.6	0.44
28.57142857	-0.8	0.44
30.95238095	-0.6	0.44
33.33333333	-0.8	0.44
35.71428571	-1	0.44
38.0952381	-0.8	0.4
40.47619048	-1	0.44
42.85714286	-1	0.4
45.23809524	-1	0.4
47.61904762	-1	0.4
50	-1.2	0.4
52.38095238	-1.2	0.4
54.76190476	-1.4	0.44
57.14285714	-1.4	0.4
59.52380952	-1.4	0.4
61.9047619	-1.6	0.4
64.28571429	-1.6	0.4
66.66666667	-1.4	0.4
69.04761905	-1.6	0.4
71.42857143	-1.6	0.4
73.80952381	-1.6	0.4
76.19047619	-1.8	0.4
78.57142857	-1.8	0.4
80.95238095	-2	0.4
83.33333333	-2	0.44
85.71428571	-2	0.4
88.0952381	-2.2	0.4
90.47619048	-2.2	0.4
92.85714286	-2.2	0.4
95.23809524	-2.2	0.4
97.61904762	-2.2	0.4
100	-2.2	0.4
102.3809524	-2.4	0.4
104.7619048	-2.4	0.4
107.1428571	-2.6	0.4
109.5238095	-2.6	0.4
111.9047619	-2.6	0.4
114.2857143	-2.6	0.4
116.6666667	-2.8	0.4
119.047619	-2.8	0.4
121.4285714	-2.8	0.4
123.8095238	-2.8	0.4
126.1904762	-3	0.4
128.5714286	-3	0.4
130.952381	-3	0.4
133.3333333	-3	0.4
135.7142857	-2.8	0.4
138.0952381	-3.2	0.4
140.4761905	-3.2	0.4
142.8571429	-3.4	0.4
145.2380952	-3.2	0.4
147.6190476	-3.4	0.4
150	-3.4	0.4
152.3809524	-3.4	0.4
154.7619048	-3.6	0.4
157.1428571	-3.6	0.44
159.5238095	-3.6	0.4
161.9047619	-3.6	0.4
164.2857143	-3.6	0.4
166.6666667	-3.8	0.44
169.047619	-3.8	0.44
171.4285714	-3.8	0.44
173.8095238	-4	0.44
176.1904762	-4	0.44
178.5714286	-4	0.44
180.952381	-4.2	0.44
183.3333333	-4.2	0.44
185.7142857	-4.2	0.44
188.0952381	-4.4	0.44
190.4761905	-4.2	0.44
192.8571429	-4.4	0.44
195.2380952	-4.4	0.44
197.6190476	-4.4	0.48
200	-4.6	0.44
202.3809524	-4.4	0.48
204.7619048	-4.8	0.48
207.1428571	-4.8	0.48
209.5238095	-4.6	0.44
211.9047619	-4.8	0.48
214.2857143	-4.8	0.48
216.6666667	-4.8	0.48
219.047619	-5	0.48
221.4285714	-4.8	0.48
223.8095238	-5	0.48
226.1904762	-5	0.48
228.5714286	-5.2	0.48
230.952381	-5	0.52
233.3333333	-5	0.48
235.7142857	-5	0.48
238.0952381	-5.2	0.48
240.4761905	-5.2	0.52
242.8571429	-5.2	0.52
245.2380952	-5.2	0.52
247.6190476	-5.4	0.52
250	-5.6	0.52
252.3809524	-5.6	0.52
254.7619048	-5.6	0.52
257.1428571	-5.6	0.56
259.5238095	-5.8	0.56
261.9047619	-5.8	0.56
264.2857143	-5.8	0.56
266.6666667	-6	0.56
269.047619	-5.8	0.56
271.4285714	-6	0.56
273.8095238	-6	0.56
276.1904762	-6	0.6
278.5714286	-6	0.56
280.952381	-6	0.6
283.3333333	-6.2	0.56
285.7142857	-6.2	0.6
288.0952381	-6.2	0.6
290.4761905	-6.2	0.6
292.8571429	-6.4	0.6
295.2380952	-6.6	0.6
297.6190476	-6.4	0.64
300	-6.6	0.6
302.3809524	-6.6	0.6
304.7619048	-6.6	0.6
307.1428571	-6.8	0.64
309.5238095	-6.8	0.64
311.9047619	-6.8	0.64
314.2857143	-6.8	0.64
316.6666667	-6.8	0.64
319.047619	-6.8	0.68
321.4285714	-7	0.68
323.8095238	-7	0.68
326.1904762	-7	0.68
328.5714286	-7.2	0.68
330.952381	-7.2	0.68
333.3333333	-7.2	0.68
335.7142857	-7.2	0.68
338.0952381	-7.2	0.68
340.4761905	-7.4	0.68
342.8571429	-7.2	0.72
345.2380952	-7.4	0.72
347.6190476	-7.4	0.72
350	-7.4	0.76
352.3809524	-7.4	0.76
354.7619048	-7.6	0.76
357.1428571	-7.4	0.76
359.5238095	-7.6	0.76
361.9047619	-7.6	0.76
364.2857143	-7.6	0.76
366.6666667	-7.6	0.76
369.047619	-7.6	0.76
371.4285714	-7.8	0.8
373.8095238	-7.8	0.8
376.1904762	-7.8	0.8
378.5714286	-7.8	0.8
380.952381	-7.8	0.8
383.3333333	-7.8	0.84
385.7142857	-7.8	0.84
388.0952381	-8.2	0.84
390.4761905	-8	0.84
392.8571429	-8	0.84
395.2380952	-8.2	0.84
397.6190476	-8.2	0.88
400	-8	0.88
402.3809524	-8	0.88
404.7619048	-8.2	0.88
407.1428571	-8.2	0.88
409.5238095	-8.2	0.88
411.9047619	-8.2	0.92
414.2857143	-8.2	0.92
416.6666667	-8.2	0.92
419.047619	-8.2	0.92
421.4285714	-8.2	0.96
423.8095238	-8.4	0.96
426.1904762	-8.4	0.96
428.5714286	-8.4	0.96
430.952381	-8.2	0.96
433.3333333	-8.4	0.96
435.7142857	-8.2	1
438.0952381	-8.4	0.96
440.4761905	-8.4	1
442.8571429	-8.4	1
445.2380952	-8.6	1
447.6190476	-8.6	1.04
450	-8.6	1.04
452.3809524	-8.4	1.04
454.7619048	-8.4	1.04
457.1428571	-8.6	1.08
459.5238095	-8.6	1.08
461.9047619	-8.6	1.08
464.2857143	-8.6	1.08
466.6666667	-8.4	1.12
469.047619	-8.4	1.12
471.4285714	-8.6	1.12
473.8095238	-8.6	1.12
476.1904762	-8.8	1.12
478.5714286	-8.6	1.16
480.952381	-8.6	1.12
483.3333333	-8.8	1.16
485.7142857	-8.6	1.16
488.0952381	-8.8	1.16
490.4761905	-8.8	1.16
492.8571429	-8.6	1.2
495.2380952	-8.6	1.2
497.6190476	-8.6	1.2
500	-8.8	1.2
502.3809524	-8.8	1.24
504.7619048	-8.8	1.24
507.1428571	-8.6	1.24
509.5238095	-8.8	1.24
511.9047619	-8.8	1.24
514.2857143	-8.6	1.28
516.6666667	-8.8	1.28
519.047619	-8.8	1.28
521.4285714	-8.6	1.28
523.8095238	-8.6	1.32
526.1904762	-8.8	1.32
528.5714286	-8.6	1.32
530.952381	-8.6	1.32
533.3333333	-8.6	1.32
535.7142857	-8.6	1.36
538.0952381	-8.6	1.36
540.4761905	-8.8	1.36
542.8571429	-8.8	1.36
545.2380952	-8.6	1.4
547.6190476	-8.4	1.4
550	-8.6	1.4
552.3809524	-8.6	1.4
554.7619048	-8.6	1.44
557.1428571	-8.4	1.44
559.5238095	-8.6	1.48
561.9047619	-8.6	1.48
564.2857143	-8.4	1.48
566.6666667	-8.6	1.48
569.047619	-8.4	1.48
571.4285714	-8.4	1.48
573.8095238	-8.4	1.52
576.1904762	-8.4	1.52
578.5714286	-8.4	1.56
580.952381	-8.4	1.52
583.3333333	-8.4	1.52
585.7142857	-8.4	1.56
588.0952381	-8.2	1.52
590.4761905	-8.2	1.56
592.8571429	-8.2	1.6
595.2380952	-8.4	1.6
597.6190476	-8.2	1.64
600	-8.2	1.6
602.3809524	-8.2	1.64
604.7619048	-8.2	1.64
607.1428571	-8	1.64
609.5238095	-8.2	1.68
611.9047619	-8	1.68
614.2857143	-8	1.68
616.6666667	-8	1.68
619.047619	-7.8	1.72
621.4285714	-8	1.72
623.8095238	-7.8	1.72
626.1904762	-7.8	1.76
628.5714286	-7.8	1.76
630.952381	-7.6	1.76
633.3333333	-7.8	1.76
635.7142857	-7.8	1.76
638.0952381	-7.8	1.76
640.4761905	-7.8	1.8
642.8571429	-7.6	1.8
645.2380952	-7.6	1.8
647.6190476	-7.6	1.8
650	-7.6	1.8
652.3809524	-7.6	1.8
654.7619048	-7.4	1.84
657.1428571	-7.4	1.84
659.5238095	-7.4	1.84
661.9047619	-7.4	1.88
664.2857143	-7.2	1.84
666.6666667	-7.4	1.88
669.047619	-7.2	1.88
671.4285714	-7.2	1.88
673.8095238	-7.2	1.92
676.1904762	-7.2	1.92
678.5714286	-7	1.92
680.952381	-7	1.96
683.3333333	-6.8	1.96
685.7142857	-7	1.96
688.0952381	-7	1.96
690.4761905	-6.8	2
692.8571429	-6.8	2
695.2380952	-6.6	2
697.6190476	-6.6	2
700	-6.6	2
702.3809524	-6.6	2.04
704.7619048	-6.4	2.04
707.1428571	-6.4	2.04
709.5238095	-6.4	2.04
711.9047619	-6.4	2.04
714.2857143	-6.2	2.08
716.6666667	-6.2	2.08
719.047619	-6.2	2.08
721.4285714	-6.2	2.08
723.8095238	-6.2	2.12
726.1904762	-6.2	2.12
728.5714286	-6	2.12
730.952381	-5.8	2.12
733.3333333	-5.8	2.16
735.7142857	-5.8	2.16
738.0952381	-5.8	2.16
740.4761905	-5.6	2.16
742.8571429	-5.6	2.16
745.2380952	-5.6	2.16
747.6190476	-5.6	2.16
750	-5.4	2.24
752.3809524	-5.4	2.24
754.7619048	-5.2	2.24
757.1428571	-5.4	2.24
759.5238095	-5.2	2.24
761.9047619	-5.2	2.24
764.2857143	-5.2	2.28
766.6666667	-5.2	2.28
769.047619	-5	2.28
771.4285714	-5	2.28
773.8095238	-5	2.28
776.1904762	-5	2.28
778.5714286	-4.8	2.28
780.952381	-4.8	2.28
783.3333333	-4.8	2.32
785.7142857	-4.8	2.32
788.0952381	-4.8	2.32
790.4761905	-4.6	2.32
792.8571429	-4.4	2.36
795.2380952	-4.6	2.36
797.6190476	-4.6	2.36
800	-4.2	2.36
802.3809524	-4.4	2.36
804.7619048	-4.4	2.36
807.1428571	-4.2	2.36
809.5238095	-4.2	2.4
811.9047619	-4.2	2.4
814.2857143	-4	2.44
816.6666667	-4	2.44
819.047619	-4	2.44
821.4285714	-4	2.48
823.8095238	-4	2.44
826.1904762	-3.8	2.44
828.5714286	-3.8	2.44
830.952381	-3.6	2.48
833.3333333	-3.6	2.48
835.7142857	-3.6	2.48
838.0952381	-3.6	2.48
840.4761905	-3.4	2.44
842.8571429	-3.4	2.48
845.2380952	-3.4	2.48
847.6190476	-3.2	2.52
850	-3.2	2.52
852.3809524	-3.2	2.52
854.7619048	-3.2	2.52
857.1428571	-3.2	2.52
859.5238095	-3	2.56
861.9047619	-2.8	2.52
864.2857143	-2.8	2.56
866.6666667	-2.8	2.52
869.047619	-2.6	2.56
871.4285714	-2.8	2.56
873.8095238	-2.8	2.56
876.1904762	-2.8	2.56
878.5714286	-2.6	2.6
880.952381	-2.4	2.56
883.3333333	-2.4	2.6
885.7142857	-2.4	2.6
888.0952381	-2.2	2.6
890.4761905	-2.2	2.6
892.8571429	-2.2	2.64
895.2380952	-2.2	2.64
897.6190476	-2	2.64
900	-1.8	2.64
902.3809524	-1.8	2.64
904.7619048	-2	2.64
907.1428571	-2	2.64
909.5238095	-1.6	2.64
911.9047619	-1.6	2.68
914.2857143	-1.8	2.64
916.6666667	-1.6	2.68
919.047619	-1.6	2.72
921.4285714	-1.4	2.68
923.8095238	-1.4	2.72
926.1904762	-1.2	2.68
928.5714286	-1.4	2.72
930.952381	-1	2.72
933.3333333	-1	2.72
935.7142857	-1.4	2.72
938.0952381	-1	2.72
940.4761905	-1	2.72
942.8571429	-0.8	2.72
945.2380952	-0.8	2.72
947.6190476	-0.8	2.8
950	-0.8	2.76
952.3809524	-0.6	2.76
954.7619048	-0.8	2.76
957.1428571	-0.6	2.76
959.5238095	-0.6	2.76
961.9047619	-0.6	2.8
964.2857143	-0.6	2.8
966.6666667	-0.4	2.8
969.047619	-0.2	2.8
971.4285714	-0.2	2.8
973.8095238	-0.4	2.8
976.1904762	0	2.8
978.5714286	-0.2	2.8
980.952381	0	2.84
983.3333333	0	2.8
985.7142857	0	2.8
988.0952381	0	2.8
990.4761905	0	2.84
992.8571429	0.2	2.84
995.2380952	0.2	2.84
997.6190476	0.2	2.84
1000	0.2	2.84
1002.380952	0.4	2.84
1004.761905	0.4	2.84
1007.142857	0.4	2.84
1009.52381	0.4	2.88
1011.904762	0.4	2.88
1014.285714	0.6	2.88
1016.666667	0.6	2.88
1019.047619	0.6	2.92
1021.428571	0.6	2.88
1023.809524	0.4	2.88
1026.190476	0.6	2.88
1028.571429	0.8	2.88
1030.952381	0.8	2.88
1033.333333	0.8	2.92
1035.714286	0.8	2.92
1038.095238	0.8	2.92
1040.47619	1	2.88
1042.857143	1	2.88
1045.238095	1	2.92
1047.619048	1	2.92
1050	1	2.92
1052.380952	1.2	2.92
1054.761905	1	2.92
1057.142857	1.2	2.92
1059.52381	1.2	2.96
1061.904762	1	2.92
1064.285714	1.2	2.96
1066.666667	1.4	2.92
1069.047619	1.4	2.92
1071.428571	1.4	2.96
1073.809524	1.2	2.96
1076.190476	1.4	2.92
1078.571429	1.4	2.92
1080.952381	1.4	2.96
1083.333333	1.4	2.96
1085.714286	1.6	2.96
1088.095238	1.6	2.96
1090.47619	1.6	2.96
1092.857143	1.6	2.96
1095.238095	1.6	2.96
1097.619048	1.8	2.96
1100	1.6	2.96
1102.380952	1.6	2.96
1104.761905	1.8	2.96
1107.142857	1.6	3
1109.52381	1.8	2.96
1111.904762	1.6	2.96
1114.285714	1.6	2.96
1116.666667	1.8	3
1119.047619	1.8	3
1121.428571	1.8	2.96
1123.809524	1.8	3
1126.190476	2	3
1128.571429	2	3
1130.952381	1.8	3
1133.333333	2	3
1135.714286	2	3
1138.095238	2	3
1140.47619	2.2	3
1142.857143	2	3
1145.238095	2.2	3
1147.619048	2	3
1150	2	3
1152.380952	2.2	3
1154.761905	2.2	3
1157.142857	2.2	3
1159.52381	2.2	3
1161.904762	2.2	3
1164.285714	2	3
1166.666667	2.2	3
1169.047619	2.2	3
1171.428571	2.2	3.04
1173.809524	2.4	3.04
1176.190476	2.4	3.04
1178.571429	2.2	3
1180.952381	2.4	3.04
1183.333333	2.4	3.04
1185.714286	2.2	3.04
1188.095238	2.4	3.04
1190.47619	2.4	3.04
1192.857143	2.4	3.04
1195.238095	2.4	3
1197.619048	2.4	3.04
1200	2.4	3.04
1202.380952	2.6	3.04
1204.761905	2.4	3.04
1207.142857	2.4	3.04
1209.52381	2.4	3.04
1211.904762	2.6	3.08
1214.285714	2.4	3.04
1216.666667	2.4	3.04
1219.047619	2.4	3.08
1221.428571	2.4	3.08
1223.809524	2.6	3.04
1226.190476	2.6	3.04
1228.571429	2.4	3.08
1230.952381	2.6	3.04
1233.333333	2.6	3.04
1235.714286	2.6	3.04
1238.095238	2.4	3.04
1240.47619	2.6	3.08
1242.857143	2.6	3.08
1245.238095	2.8	3.04
1247.619048	2.6	3.04
1250	2.4	3.08
1252.380952	2.6	3.04
1254.761905	2.6	3.04
1257.142857	2.8	3.04
1259.52381	2.8	3.04
1261.904762	2.8	3.04
1264.285714	2.6	3.08
1266.666667	2.6	3.08
1269.047619	2.8	3.04
1271.428571	2.8	3.08
1273.809524	2.8	3.08
1276.190476	2.8	3.08
1278.571429	2.8	3.04
1280.952381	2.8	3.08
1283.333333	2.8	3.08
1285.714286	2.8	3.04
1288.095238	2.6	3.08
1290.47619	2.8	3.08
1292.857143	2.8	3.08
1295.238095	2.8	3.08
1297.619048	2.8	3.08
1300	2.8	3.08
1302.380952	2.8	3.08
1304.761905	2.8	3.08
1307.142857	2.8	3.08
1309.52381	3	3.04
1311.904762	2.8	3.08
1314.285714	3	3.08
1316.666667	2.8	3.08
1319.047619	3	3.08
1321.428571	2.8	3.08
1323.809524	2.8	3.08
1326.190476	2.8	3.08
1328.571429	3	3.08
1330.952381	2.8	3.08
1333.333333	3	3.08
1335.714286	3	3.08
1338.095238	3	3.08
1340.47619	3	3.08
1342.857143	2.8	3.08
1345.238095	3	3.08
1347.619048	2.8	3.08
1350	2.8	3.08
1352.380952	3	3.08
1354.761905	2.8	3.08
1357.142857	2.8	3.08
1359.52381	3	3.08
1361.904762	3	3.08
1364.285714	2.8	3.08
1366.666667	3	3.08
1369.047619	3	3.08
1371.428571	3	3.08
1373.809524	3	3.08
1376.190476	3	3.08
1378.571429	2.8	3.08
1380.952381	3	3.08
1383.333333	3	3.08
1385.714286	3	3.08
1388.095238	3	3.08
1390.47619	3.2	3.08
1392.857143	3	3.08
1395.238095	3.2	3.08
1397.619048	3	3.08
1400	3.2	3.08
1402.380952	3	3.08
1404.761905	3	3.08
1407.142857	3	3.08
1409.52381	3.2	3.08
1411.904762	3.2	3.12
1414.285714	3.2	3.08
1416.666667	3	3.08
1419.047619	2.8	3.08
1421.428571	3	3.08
1423.809524	3.2	3.08
1426.190476	3	3.08
1428.571429	3.2	3.08
1430.952381	3	3.08
1433.333333	3.2	3.08
1435.714286	3	3.08
1438.095238	3.2	3.08
1440.47619	3	3.08
1442.857143	3	3.08
1445.238095	3	3.08
1447.619048	3.2	3.08
1450	3.2	3.08
1452.380952	3	3.08
1454.761905	3.2	3.08
1457.142857	3.2	3.08
1459.52381	3.2	3.08
1461.904762	3.2	3.08
1464.285714	3.2	3.08
1466.666667	3.2	3.08
1469.047619	3.2	3.08
1471.428571	3.2	3.08
1473.809524	3.2	3.08
1476.190476	3.2	3.08
1478.571429	3.4	3.08
1480.952381	3.2	3.08
1483.333333	3.2	3.12
1485.714286	3	3.08
1488.095238	3.2	3.08
1490.47619	3.2	3.08
1492.857143	3.4	3.08
1495.238095	3	3.08
1497.619048	3	3.08
1500	3	3.08
1502.380952	3	3.08
1504.761905	3.2	3.08
1507.142857	3.2	3.08
1509.52381	3.2	3.12
1511.904762	3.4	3.08
1514.285714	3.2	3.12
1516.666667	3.2	3.08
1519.047619	3.2	3.08
1521.428571	3.2	3.08
1523.809524	3.2	3.08
1526.190476	3.2	3.08
1528.571429	3.2	3.12
1530.952381	3.2	3.12
1533.333333	3	3.08
1535.714286	3.4	3.08
1538.095238	3.2	3.08
1540.47619	3.2	3.08
1542.857143	3	3.08
1545.238095	3.2	3.08
1547.619048	3	3.12
1550	3.2	3.08
1552.380952	3.4	3.08
1554.761905	3.2	3.08
1557.142857	3.2	3.08
1559.52381	3.2	3.08
1561.904762	3.2	3.08
1564.285714	3.2	3.12
1566.666667	3.2	3.08
1569.047619	3.4	3.08
1571.428571	3.4	3.12
1573.809524	3.4	3.08
1576.190476	3.4	3.08
1578.571429	3.2	3.12
1580.952381	3.4	3.12
1583.333333	3.2	3.08
1585.714286	3.2	3.08
1588.095238	3.4	3.12
1590.47619	3.2	3.08
1592.857143	3.4	3.12
1595.238095	3.2	3.08
1597.619048	3.2	3.12
1600	3.4	3.12
1602.380952	3.4	3.08
1604.761905	3.2	3.08
1607.142857	3.2	3.08
1609.52381	3.4	3.08
1611.904762	3.2	3.08
1614.285714	3.2	3.12
1616.666667	3.2	3.08
1619.047619	3.2	3.12
1621.428571	3.4	3.08
1623.809524	3.4	3.12
1626.190476	3.2	3.08
1628.571429	3.4	3.12
1630.952381	3.4	3.12
1633.333333	3.2	3.12
1635.714286	3.2	3.12
1638.095238	3.2	3.08
1640.47619	3.2	3.08
1642.857143	3.4	3.12
1645.238095	3.2	3.12
1647.619048	3.2	3.08
1650	3.2	3.12
1652.380952	3.2	3.08
1654.761905	3.2	3.08
1657.142857	3.2	3.08
1659.52381	3.4	3.08
1661.904762	3.4	3.08
1664.285714	3.2	3.08
1666.666667	3.2	3.08
1669.047619	3.2	3.12
1671.428571	3.2	3.08
1673.809524	3.4	3.08
1676.190476	3.4	3.08
1678.571429	3.4	3.08
1680.952381	3.4	3.08
1683.333333	3.4	3.12
1685.714286	3.4	3.12
1688.095238	3.2	3.12
1690.47619	3.4	3.08
1692.857143	3.2	3.12
1695.238095	3.4	3.12
1697.619048	3.4	3.08
1700	3.4	3.12
1702.380952	3.4	3.12
1704.761905	3.2	3.08
1707.142857	3.4	3.08
1709.52381	3.4	3.08
1711.904762	3.2	3.08
1714.285714	3.4	3.12
1716.666667	3.2	3.08
1719.047619	3.4	3.08
1721.428571	3.4	3.08
1723.809524	3.2	3.08
1726.190476	3.2	3.08
1728.571429	3.4	3.12
1730.952381	3.2	3.12
1733.333333	3.4	3.08
1735.714286	3.4	3.08
1738.095238	3.4	3.12
1740.47619	3.4	3.12
1742.857143	3.4	3.08
1745.238095	3.4	3.12
1747.619048	3.4	3.08
1750	3.4	3.08
1752.380952	3.4	3.08
1754.761905	3.4	3.12
1757.142857	3.4	3.12
1759.52381	3.4	3.12
1761.904762	3.4	3.12
1764.285714	3.2	3.08
1766.666667	3.4	3.08
1769.047619	3.4	3.08
1771.428571	3.4	3.12
1773.809524	3.4	3.08
1776.190476	3.4	3.08
1778.571429	3.4	3.08
1780.952381	3.4	3.12
1783.333333	3.2	3.08
1785.714286	3.4	3.08
1788.095238	3.4	3.12
1790.47619	3.4	3.12
1792.857143	3.4	3.12
1795.238095	3.4	3.12
1797.619048	3.4	3.08
1800	3.4	3.08
1802.380952	3.2	3.08
1804.761905	3.4	3.08
1807.142857	3.4	3.08
1809.52381	3.4	3.08
1811.904762	3.4	3.08
1814.285714	3.4	3.08
1816.666667	3.4	3.08
1819.047619	3.4	3.12
1821.428571	3.4	3.08
1823.809524	3.4	3.08
1826.190476	3.4	3.12
1828.571429	3.4	3.12
1830.952381	3.4	3.08
1833.333333	3.6	3.08
1835.714286	3.4	3.08
1838.095238	3.4	3.08
1840.47619	3.4	3.08
1842.857143	3.4	3.08
1845.238095	3.4	3.08
1847.619048	3.6	3.08
1850	3.4	3.12
1852.380952	3.4	3.08
1854.761905	3.4	3.12
1857.142857	3.4	3.08
1859.52381	3.4	3.08
1861.904762	3.4	3.08
1864.285714	3.4	3.08
1866.666667	3.4	3.08
1869.047619	3.4	3.08
1871.428571	3.4	3.08
1873.809524	3.6	3.08
1876.190476	3.4	3.08
1878.571429	3.4	3.08
1880.952381	3.4	3.08
1883.333333	3.4	3.08
1885.714286	3.4	3.08
1888.095238	3.4	3.08
1890.47619	3.6	3.08
1892.857143	3.6	3.08
1895.238095	3.4	3.12
1897.619048	3.4	3.08
1900	3.4	3.08
1902.380952	3.4	3.08
1904.761905	3.4	3.08
1907.142857	3.6	3.08
1909.52381	3.4	3.08
1911.904762	3.6	3.08
1914.285714	3.6	3.08
1916.666667	3.4	3.12
1919.047619	3.4	3.08
1921.428571	3.4	3.08
1923.809524	3.6	3.08
1926.190476	3.4	3.12
1928.571429	3.4	3.08
1930.952381	3.6	3.08
1933.333333	3.4	3.08
1935.714286	3.6	3.08
1938.095238	3.6	3.08
1940.47619	3.6	3.08
1942.857143	3.4	3.08
1945.238095	3.6	3.08
1947.619048	3.6	3.08
1950	3.6	3.08
1952.380952	3.4	3.08
1954.761905	3.6	3.08
1957.142857	3.4	3.08
1959.52381	3.6	3.08
1961.904762	3.8	3.08
1964.285714	3.4	3.12
1966.666667	3.6	3.08
1969.047619	3.6	3.08
1971.428571	3.4	3.08
1973.809524	3.6	3.08
1976.190476	3.6	3.08
1978.571429	3.6	3.08
1980.952381	3.6	3.08
1983.333333	3.6	3.08
1985.714286	3.6	3.08
1988.095238	3.6	3.08
1990.47619	3.6	3.12
1992.857143	3.4	3.08
1995.238095	3.4	3.08
1997.619048	3.6	3.12
2000	3.6	3.08
2002.380952	3.8	3.08
2004.761905	3.4	3.08
2007.142857	3.8	3.08
2009.52381	3.8	3.08
2011.904762	3.8	3.08
2014.285714	3.6	3.08
2016.666667	3.6	3.08
2019.047619	3.8	3.08
2021.428571	3.4	3.08
2023.809524	3.6	3.08
2026.190476	3.4	3.08
2028.571429	3.6	3.08
2030.952381	3.6	3.08
2033.333333	3.8	3.12
2035.714286	3.6	3.08
2038.095238	3.8	3.08
2040.47619	3.8	3.08
2042.857143	3.6	3.08
2045.238095	3.4	3.08
2047.619048	3.4	3.08
2050	3.6	3.08
2052.380952	3.8	3.08
2054.761905	3.6	3.12
2057.142857	3.6	3.08
2059.52381	3.8	3.08
2061.904762	3.6	3.08
2064.285714	3.6	3.08
2066.666667	3.8	3.08
2069.047619	3.6	3.08
2071.428571	3.8	3.08
2073.809524	3.6	3.08
2076.190476	3.8	3.08
2078.571429	3.6	3.08
2080.952381	3.4	3.08
2083.333333	3.8	3.08
2085.714286	3.6	3.08
2088.095238	3.8	3.08
2090.47619	3.6	3.08
2092.857143	3.6	3.08
2095.238095	3.6	3.08
2097.619048	3.6	3.12
2100	3.6	3.08
2102.380952	3.8	3.08
2104.761905	3.8	3.08
2107.142857	3.6	3.08
2109.52381	3.6	3.08
2111.904762	3.8	3.08
2114.285714	3.8	3.08
2116.666667	3.6	3.12
2119.047619	3.6	3.08
2121.428571	3.6	3.08
2123.809524	3.8	3.08
2126.190476	3.8	3.08
2128.571429	3.6	3.08
2130.952381	3.6	3.12
2133.333333	3.8	3.08
2135.714286	3.6	3.12
2138.095238	3.6	3.08
2140.47619	3.8	3.08
2142.857143	3.6	3.08
2145.238095	3.8	3.08
2147.619048	3.8	3.08
2150	3.6	3.08
2152.380952	3.6	3.08
2154.761905	3.8	3.08
2157.142857	3.6	3.08
2159.52381	4	3.08
2161.904762	3.6	3.08
2164.285714	3.8	3.08
2166.666667	3.6	3.08
2169.047619	3.6	3.08
2171.428571	3.8	3.08
2173.809524	3.6	3.08
2176.190476	3.6	3.08
2178.571429	3.6	3.08
2180.952381	3.6	3.08
2183.333333	3.6	3.08
2185.714286	3.8	3.12
2188.095238	3.8	3.08
2190.47619	3.8	3.08
2192.857143	4	3.08
2195.238095	3.8	3.08
2197.619048	4	3.08
2200	3.8	3.08
2202.380952	3.8	3.08
2204.761905	3.6	3.08
2207.142857	3.8	3.08
2209.52381	3.8	3.08
2211.904762	3.8	3.08
2214.285714	3.8	3.08
2216.666667	3.8	3.08
2219.047619	3.6	3.08
2221.428571	3.8	3.08
2223.809524	3.6	3.08
2226.190476	3.8	3.08
2228.571429	3.8	3.08
2230.952381	3.8	3.08
2233.333333	3.6	3.08
2235.714286	3.8	3.08
2238.095238	4	3.08
2240.47619	3.8	3.08
2242.857143	3.8	3.08
2245.238095	3.8	3.08
2247.619048	3.8	3.08
2250	4	3.08
2252.380952	3.6	3.08
2254.761905	3.8	3.08
2257.142857	4	3.08
2259.52381	3.6	3.08
2261.904762	3.8	3.08
2264.285714	3.8	3.08
2266.666667	3.8	3.08
2269.047619	3.8	3.08
2271.428571	4	3.08
2273.809524	3.8	3.08
2276.190476	3.8	3.08
2278.571429	3.8	3.08
2280.952381	3.8	3.08
2283.333333	3.6	3.08
2285.714286	4	3.08
2288.095238	4	3.08
2290.47619	3.8	3.08
2292.857143	4	3.08
2295.238095	3.8	3.08
2297.619048	3.8	3.08
2300	3.8	3.08
2302.380952	4	3.08
2304.761905	4	3.08
2307.142857	3.6	3.08
2309.52381	4	3.08
2311.904762	3.8	3.08
2314.285714	4	3.08
2316.666667	3.8	3.08
2319.047619	3.8	3.08
2321.428571	4	3.08
2323.809524	4	3.08
2326.190476	3.8	3.08
2328.571429	3.8	3.12
2330.952381	3.8	3.12
2333.333333	3.8	3.08
2335.714286	3.8	3.08
2338.095238	3.8	3.08
2340.47619	3.8	3.08
2342.857143	3.8	3.08
2345.238095	4	3.08
2347.619048	4	3.08
2350	3.8	3.08
2352.380952	3.8	3.08
2354.761905	3.8	3.08
2357.142857	3.8	3.08
2359.52381	3.8	3.12
2361.904762	4	3.08
2364.285714	3.8	3.08
2366.666667	3.8	3.08
2369.047619	3.8	3.12
2371.428571	3.8	3.08
2373.809524	3.8	3.08
2376.190476	4	3.08
2378.571429	4	3.08
2380.952381	3.8	3.08
2383.333333	3.8	3.08
2385.714286	3.8	3.08
2388.095238	4	3.08
2390.47619	4	3.08
2392.857143	3.8	3.08
2395.238095	3.8	3.08
2397.619048	4	3.08
2400	4	3.08
2402.380952	4	3.08
2404.761905	4	3.08
2407.142857	3.8	3.08
2409.52381	3.8	3.08
2411.904762	4	3.08
2414.285714	4	3.08
2416.666667	3.8	3.08
2419.047619	4	3.08
2421.428571	3.8	3.08
2423.809524	3.8	3.08
2426.190476	4	3.08
2428.571429	4	3.08
2430.952381	4	3.08
2433.333333	3.8	3.08
2435.714286	4	3.08
2438.095238	4	3.08
2440.47619	4	3.08
2442.857143	4	3.08
2445.238095	4	3.08
2447.619048	3.8	3.08
2450	4	3.08
2452.380952	4	3.08
2454.761905	4	3.08
2457.142857	4	3.08
2459.52381	4	3.08
2461.904762	3.8	3.08
2464.285714	4	3.08
2466.666667	4	3.08
2469.047619	4	3.08
2471.428571	4	3.08
2473.809524	4	3.08
2476.190476	4	3.08
2478.571429	4	3.08
2480.952381	4	3.08
2483.333333	4	3.08
2485.714286	4	3.08
2488.095238	4	3.08
2490.47619	4	3.08
2492.857143	4	3.08
2495.238095	4	3.08
2497.619048	4	3.08
2500	4	3.08
2502.380952	4	3.08
2504.761905	4	3.08
2507.142857	4	3.08
2509.52381	3.8	3.08
2511.904762	4	3.08
2514.285714	4	3.08
2516.666667	4	3.08
2519.047619	4	3.08
2521.428571	4	3.08
2523.809524	4	3.08
2526.190476	4	3.08
2528.571429	4	3.08
2530.952381	4	3.08
2533.333333	3.8	3.08
2535.714286	4	3.08
2538.095238	4	3.08
2540.47619	4	3.08
2542.857143	4.2	3.08
2545.238095	4	3.08
2547.619048	4	3.08
2550	4.2	3.08
2552.380952	4	3.08
2554.761905	4	3.08
2557.142857	4	3.08
2559.52381	4	3.08
2561.904762	3.8	3.08
2564.285714	4	3.08
2566.666667	4	3.08
2569.047619	4	3.08
2571.428571	4	3.08
2573.809524	4	3.08
2576.190476	4	3.04
2578.571429	3.8	3.08
2580.952381	3.8	3.08
2583.333333	4	3.08
2585.714286	4	3.08
2588.095238	3.8	3.08
2590.47619	4	3.08
2592.857143	4	3.08
2595.238095	4	3.08
2597.619048	4	3.08
2600	3.8	3.08
2602.380952	4	3.08
2604.761905	4	3.08
2607.142857	4	3.08
2609.52381	4	3.08
2611.904762	4	3.08
2614.285714	4	3.08
2616.666667	4	3.08
2619.047619	4	3.08
2621.428571	4	3.08
2623.809524	4	3.08
2626.190476	4	3.08
2628.571429	4	3.08
2630.952381	4	3.08
2633.333333	4	3.08
2635.714286	4	3.08
2638.095238	4	3.08
2640.47619	4	3.08
2642.857143	4	3.08
2645.238095	4.2	3.08
2647.619048	4	3.08
2650	4	3.08
2652.380952	4	3.08
2654.761905	4	3.08
2657.142857	4	3.08
2659.52381	4	3.08
2661.904762	4	3.08
2664.285714	4	3.08
2666.666667	4	3.08
2669.047619	4.2	3.08
2671.428571	4	3.08
2673.809524	4	3.08
2676.190476	4	3.08
2678.571429	4.2	3.08
2680.952381	4	3.08
2683.333333	4	3.04
2685.714286	4	3.08
2688.095238	4	3.08
2690.47619	4	3.08
2692.857143	4	3.08
2695.238095	4	3.08
2697.619048	4	3.08
2700	4	3.08
2702.380952	4	3.08
2704.761905	4	3.08
2707.142857	4	3.08
2709.52381	4	3.08
2711.904762	3.8	3.08
2714.285714	4.2	3.08
2716.666667	4	3.08
2719.047619	4.2	3.08
2721.428571	4	3.08
2723.809524	4	3.08
2726.190476	4	3.08
2728.571429	4	3.08
2730.952381	4	3.08
2733.333333	4	3.08
2735.714286	4	3.08
2738.095238	4.2	3.08
2740.47619	4	3.08
2742.857143	4	3.08
2745.238095	4.2	3.04
2747.619048	1.4	3.4
2750	4	3.08
2752.380952	4	3.08
2754.761905	4	3.04
2757.142857	4	3.04
2759.52381	4	3.08
2761.904762	4.2	3.08
2764.285714	1.4	3.4
2766.666667	1.8	3.4
2769.047619	1.4	3.4
2771.428571	1.2	3.32
2773.809524	1.4	3.4
2776.190476	1.8	3.4
2778.571429	1.4	3.4
2780.952381	1.6	3.36
2783.333333	4	3.08
2785.714286	1.6	3.4
2788.095238	1.6	3.36
2790.47619	1.4	2.76
2792.857143	1.4	3
2795.238095	1.8	3.36
2797.619048	1.6	3.36
2800	1.8	3.4
2802.380952	1.8	3.32
2804.761905	1.4	3.36
2807.142857	1.6	3.4
2809.52381	1.4	3.32
2811.904762	1.4	3.4
2814.285714	1.6	3.4
2816.666667	1.6	2.84
2819.047619	1.8	3.08
2821.428571	1.4	3.36
2823.809524	1.6	3.4
2826.190476	1.6	3.4
2828.571429	1.2	3.36
2830.952381	1.2	3.4
2833.333333	1.8	3.36
2835.714286	1.6	3.36
2838.095238	2.2	3.4
2840.47619	1.8	3.4
2842.857143	1.4	3.4
2845.238095	1.6	3.28
2847.619048	1.6	3.4
2850	1.4	3.4
2852.380952	1.4	3.36
2854.761905	1.2	3.04
2857.142857	1.6	3.36
2859.52381	1.4	3.4
2861.904762	1.6	3.36
2864.285714	1.4	3.4
2866.666667	1.2	2.84
2869.047619	1.4	3.4
2871.428571	1.6	3.4
2873.809524	1.2	3.32
2876.190476	1.4	3.4
2878.571429	1.6	3.4
2880.952381	1.4	3.4
2883.333333	1.6	3.4
2885.714286	1.6	3.16
2888.095238	1.4	3.36
2890.47619	1.4	3.36
2892.857143	1.6	2.68
2895.238095	1.8	3.4
2897.619048	1.4	3.36
2900	1.4	3.4
2902.380952	1.4	3.4
2904.761905	1.4	3.4
2907.142857	1.8	3.4
2909.52381	1.4	3.4
2911.904762	1.6	3.4
2914.285714	1.6	3.32
2916.666667	1.6	3.4
2919.047619	1.4	3.36
2921.428571	1.4	2.6
2923.809524	1.6	3.4
2926.190476	1.8	2.88
2928.571429	1.6	3.32
2930.952381	1.4	3.4
2933.333333	1.6	3.36
2935.714286	1.4	2.92
2938.095238	1.4	3.12
2940.47619	1.4	3.4
2942.857143	1.4	3.36
2945.238095	1.6	3.36
2947.619048	1.6	3.36
2950	1.4	3.36
2952.380952	1.4	3.4
2954.761905	1.4	3.4
2957.142857	1.8	3.32
2959.52381	1.4	3.36
2961.904762	1.6	3.36
2964.285714	1.6	3.4
2966.666667	1.4	3.4
2969.047619	1.6	3.4
2971.428571	2	3.36
2973.809524	1.4	3.4
