-16080.95	-0.8
-16069.04524	-0.8
-16057.14048	-0.6
-16045.23572	-0.6
-16033.33096	-0.8
-16021.4262	-0.8
-16009.52144	-0.8
-15997.61668	-0.8
-15985.71192	-0.8
-15973.80716	-1
-15961.9024	-0.8
-15949.99764	-0.8
-15938.09288	-0.8
-15926.18812	-0.8
-15914.28336	-0.8
-15902.3786	-0.8
-15890.47384	-0.6
-15878.56908	-0.6
-15866.66432	-0.6
-15854.75956	-0.6
-15842.8548	-0.8
-15830.95004	-0.8
-15819.04528	-0.6
-15807.14052	-0.8
-15795.23576	-0.6
-15783.331	-0.8
-15771.42624	-0.8
-15759.52148	-0.8
-15747.61672	-0.8
-15735.71196	-0.8
-15723.8072	-0.8
-15711.90244	-1
-15699.99768	-0.8
-15688.09292	-0.8
-15676.18816	-0.8
-15664.2834	-0.8
-15652.37864	-1
-15640.47388	-0.8
-15628.56912	-0.6
-15616.66436	-0.8
-15604.7596	-0.6
-15592.85484	-0.8
-15580.95008	-0.8
-15569.04532	-0.8
-15557.14056	-0.8
-15545.2358	-0.8
-15533.33104	-0.8
-15521.42628	-0.6
-15509.52152	-0.8
-15497.61676	-0.8
-15485.712	-0.6
-15473.80724	-0.6
-15461.90248	-1
-15449.99772	-0.8
-15438.09296	-0.8
-15426.1882	-0.6
-15414.28344	-0.8
-15402.37868	-1
-15390.47392	-0.8
-15378.56916	-1
-15366.6644	-0.8
-15354.75964	-0.8
-15342.85488	-0.8
-15330.95012	-0.6
-15319.04536	-0.8
-15307.1406	-0.6
-15295.23584	-0.8
-15283.33108	-0.8
-15271.42632	-0.6
-15259.52156	-0.8
-15247.6168	-0.8
-15235.71204	-0.8
-15223.80728	-0.6
-15211.90252	-0.6
-15199.99776	-0.8
-15188.093	-0.6
-15176.18824	-0.6
-15164.28348	-0.8
-15152.37872	-0.8
-15140.47396	-0.6
-15128.5692	-0.6
-15116.66444	-0.8
-15104.75968	-1
-15092.85492	-0.8
-15080.95016	-0.8
-15069.0454	-1
-15057.14064	-0.8
-15045.23588	-0.8
-15033.33112	-0.8
-15021.42636	-0.8
-15009.5216	-0.8
-14997.61684	-0.6
-14985.71208	-0.6
-14973.80732	-1
-14961.90256	-0.8
-14949.9978	-0.8
-14938.09304	-0.8
-14926.18828	-0.8
-14914.28352	-0.8
-14902.37876	-0.8
-14890.474	-0.8
-14878.56924	-0.8
-14866.66448	-0.6
-14854.75972	-0.8
-14842.85496	-0.6
-14830.9502	-0.8
-14819.04544	-0.6
-14807.14068	-0.6
-14795.23592	-1
-14783.33116	-0.8
-14771.4264	-1
-14759.52164	-0.8
-14747.61688	-0.8
-14735.71212	-0.6
-14723.80736	-0.6
-14711.9026	-0.8
-14699.99784	-0.8
-14688.09308	-1
-14676.18832	-0.8
-14664.28356	-0.4
-14652.3788	-0.8
-14640.47404	-0.8
-14628.56928	-0.8
-14616.66452	-0.8
-14604.75976	-0.8
-14592.855	-0.8
-14580.95024	-0.8
-14569.04548	-0.8
-14557.14072	-1
-14545.23596	-1
-14533.3312	-0.8
-14521.42644	-0.8
-14509.52168	-0.8
-14497.61692	-0.8
-14485.71216	-0.8
-14473.8074	-0.6
-14461.90264	-0.6
-14449.99788	-0.8
-14438.09312	-0.6
-14426.18836	-0.8
-14414.2836	-0.8
-14402.37884	-0.8
-14390.47408	-0.8
-14378.56932	-0.8
-14366.66456	-0.8
-14354.7598	-0.8
-14342.85504	-0.8
-14330.95028	-0.8
-14319.04552	-0.6
-14307.14076	-0.8
-14295.236	-0.6
-14283.33124	-0.8
-14271.42648	-0.8
-14259.52172	-0.6
-14247.61696	-0.8
-14235.7122	-0.6
-14223.80744	-0.8
-14211.90268	-0.6
-14199.99792	-0.8
-14188.09316	-0.8
-14176.1884	-0.6
-14164.28364	-0.6
-14152.37888	-0.6
-14140.47412	-0.8
-14128.56936	-0.6
-14116.6646	-0.8
-14104.75984	-0.8
-14092.85508	-0.6
-14080.95032	-0.8
-14069.04556	-0.8
-14057.1408	-0.6
-14045.23604	-0.6
-14033.33128	-0.8
-14021.42652	-0.8
-14009.52176	-0.6
-13997.617	-0.8
-13985.71224	-0.8
-13973.80748	-0.6
-13961.90272	-0.6
-13949.99796	-0.8
-13938.0932	-0.6
-13926.18844	-0.8
-13914.28368	-0.8
-13902.37892	-0.8
-13890.47416	-0.8
-13878.5694	-0.8
-13866.66464	-0.8
-13854.75988	-0.6
-13842.85512	-0.8
-13830.95036	-0.8
-13819.0456	-0.8
-13807.14084	-0.8
-13795.23608	-0.6
-13783.33132	-0.8
-13771.42656	-0.8
-13759.5218	-0.6
-13747.61704	-0.6
-13735.71228	-0.6
-13723.80752	-0.6
-13711.90276	-0.6
-13699.998	-0.8
-13688.09324	-0.6
-13676.18848	-0.8
-13664.28372	-0.8
-13652.37896	-0.6
-13640.4742	-0.6
-13628.56944	-0.8
-13616.66468	-0.8
-13604.75992	-0.6
-13592.85516	-0.8
-13580.9504	-0.8
-13569.04564	-0.8
-13557.14088	-0.8
-13545.23612	-0.6
-13533.33136	-0.6
-13521.4266	-0.6
-13509.52184	-0.6
-13497.61708	-0.8
-13485.71232	-0.8
-13473.80756	-0.6
-13461.9028	-0.6
-13449.99804	-0.8
-13438.09328	-0.6
-13426.18852	-0.6
-13414.28376	-0.6
-13402.379	-0.8
-13390.47424	-0.6
-13378.56948	-0.6
-13366.66472	-0.8
-13354.75996	-0.8
-13342.8552	-0.6
-13330.95044	-0.6
-13319.04568	-0.8
-13307.14092	-0.8
-13295.23616	-0.8
-13283.3314	-0.8
-13271.42664	-0.8
-13259.52188	-0.8
-13247.61712	-0.6
-13235.71236	-0.6
-13223.8076	-0.8
-13211.90284	-0.6
-13199.99808	-0.6
-13188.09332	-0.8
-13176.18856	-0.6
-13164.2838	-0.6
-13152.37904	-0.6
-13140.47428	-0.8
-13128.56952	-0.8
-13116.66476	-0.6
-13104.76	-0.6
-13092.85524	-0.6
-13080.95048	-0.8
-13069.04572	-0.6
-13057.14096	-0.6
-13045.2362	-0.6
-13033.33144	-0.8
-13021.42668	-0.8
-13009.52192	-0.6
-12997.61716	-0.8
-12985.7124	-0.6
-12973.80764	-0.8
-12961.90288	-0.8
-12949.99812	-0.8
-12938.09336	-0.6
-12926.1886	-0.6
-12914.28384	-0.6
-12902.37908	-0.6
-12890.47432	-0.6
-12878.56956	-0.8
-12866.6648	-0.8
-12854.76004	-0.6
-12842.85528	-0.6
-12830.95052	-0.8
-12819.04576	-0.4
-12807.141	-0.6
-12795.23624	-0.8
-12783.33148	-0.6
-12771.42672	-0.6
-12759.52196	-0.6
-12747.6172	-0.6
-12735.71244	-0.6
-12723.80768	-0.6
-12711.90292	-0.6
-12699.99816	-0.6
-12688.0934	-0.6
-12676.18864	-0.8
-12664.28388	-0.8
-12652.37912	-0.6
-12640.47436	-0.6
-12628.5696	-0.6
-12616.66484	-0.6
-12604.76008	-0.6
-12592.85532	-0.6
-12580.95056	-0.6
-12569.0458	-0.6
-12557.14104	-0.6
-12545.23628	-0.8
-12533.33152	-0.6
-12521.42676	-0.6
-12509.522	-0.6
-12497.61724	-0.8
-12485.71248	-0.6
-12473.80772	-0.6
-12461.90296	-0.6
-12449.9982	-0.6
-12438.09344	-0.6
-12426.18868	-0.6
-12414.28392	-0.6
-12402.37916	-0.6
-12390.4744	-0.8
-12378.56964	-0.8
-12366.66488	-0.8
-12354.76012	-0.8
-12342.85536	-0.6
-12330.9506	-0.4
-12319.04584	-0.6
-12307.14108	-0.6
-12295.23632	-0.6
-12283.33156	-0.8
-12271.4268	-0.6
-12259.52204	-0.6
-12247.61728	-0.6
-12235.71252	-0.8
-12223.80776	-0.8
-12211.903	-0.8
-12199.99824	-0.6
-12188.09348	-0.8
-12176.18872	-0.6
-12164.28396	-0.6
-12152.3792	-0.6
-12140.47444	-0.6
-12128.56968	-0.6
-12116.66492	-0.6
-12104.76016	-0.6
-12092.8554	-0.6
-12080.95064	-0.8
-12069.04588	-0.8
-12057.14112	-0.8
-12045.23636	-0.8
-12033.3316	-0.6
-12021.42684	-0.8
-12009.52208	-0.6
-11997.61732	-0.8
-11985.71256	-0.6
-11973.8078	-0.6
-11961.90304	-0.6
-11949.99828	-0.6
-11938.09352	-0.6
-11926.18876	-0.6
-11914.284	-0.6
-11902.37924	-0.6
-11890.47448	-0.8
-11878.56972	-0.6
-11866.66496	-0.6
-11854.7602	-0.6
-11842.85544	-0.6
-11830.95068	-0.4
-11819.04592	-0.6
-11807.14116	-0.4
-11795.2364	-0.6
-11783.33164	-0.8
-11771.42688	-0.8
-11759.52212	-0.6
-11747.61736	-0.8
-11735.7126	-0.6
-11723.80784	-0.4
-11711.90308	-0.6
-11699.99832	-0.6
-11688.09356	-0.6
-11676.1888	-0.6
-11664.28404	-0.6
-11652.37928	-0.8
-11640.47452	-0.4
-11628.56976	-0.6
-11616.665	-0.6
-11604.76024	-0.8
-11592.85548	-0.6
-11580.95072	-0.6
-11569.04596	-0.6
-11557.1412	-0.6
-11545.23644	-0.6
-11533.33168	-0.6
-11521.42692	-0.8
-11509.52216	-0.6
-11497.6174	-0.6
-11485.71264	-0.6
-11473.80788	-0.6
-11461.90312	-0.6
-11449.99836	-0.6
-11438.0936	-0.6
-11426.18884	-0.6
-11414.28408	-0.6
-11402.37932	-0.6
-11390.47456	-0.6
-11378.5698	-0.8
-11366.66504	-0.8
-11354.76028	-0.6
-11342.85552	-0.4
-11330.95076	-0.6
-11319.046	-0.6
-11307.14124	-0.6
-11295.23648	-0.6
-11283.33172	-0.6
-11271.42696	-0.6
-11259.5222	-0.6
-11247.61744	-0.6
-11235.71268	-0.4
-11223.80792	-0.8
-11211.90316	-0.6
-11199.9984	-0.4
-11188.09364	-0.6
-11176.18888	-0.6
-11164.28412	-0.4
-11152.37936	-0.6
-11140.4746	-0.6
-11128.56984	-0.4
-11116.66508	-0.6
-11104.76032	-0.6
-11092.85556	-0.6
-11080.9508	-0.6
-11069.04604	-0.6
-11057.14128	-0.6
-11045.23652	-0.6
-11033.33176	-0.6
-11021.427	-0.6
-11009.52224	-0.8
-10997.61748	-0.8
-10985.71272	-0.4
-10973.80796	-0.6
-10961.9032	-0.6
-10949.99844	-0.6
-10938.09368	-0.8
-10926.18892	-0.6
-10914.28416	-0.6
-10902.3794	-0.6
-10890.47464	-0.6
-10878.56988	-0.6
-10866.66512	-0.4
-10854.76036	-0.6
-10842.8556	-0.6
-10830.95084	-0.8
-10819.04608	-0.6
-10807.14132	-0.6
-10795.23656	-0.6
-10783.3318	-0.4
-10771.42704	-0.6
-10759.52228	-0.6
-10747.61752	-0.8
-10735.71276	-0.4
-10723.808	-0.6
-10711.90324	-0.6
-10699.99848	-0.6
-10688.09372	-0.6
-10676.18896	-0.6
-10664.2842	-0.8
-10652.37944	-0.4
-10640.47468	-0.6
-10628.56992	-0.8
-10616.66516	-0.6
-10604.7604	-0.6
-10592.85564	-0.6
-10580.95088	-0.4
-10569.04612	-0.6
-10557.14136	-0.6
-10545.2366	-0.6
-10533.33184	-0.8
-10521.42708	-0.6
-10509.52232	-0.6
-10497.61756	-0.6
-10485.7128	-0.6
-10473.80804	-0.6
-10461.90328	-0.6
-10449.99852	-0.6
-10438.09376	-0.4
-10426.189	-0.6
-10414.28424	-0.6
-10402.37948	-0.6
-10390.47472	-0.8
-10378.56996	-0.8
-10366.6652	-0.6
-10354.76044	-0.8
-10342.85568	-0.6
-10330.95092	-0.6
-10319.04616	-0.6
-10307.1414	-0.4
-10295.23664	-0.6
-10283.33188	-0.6
-10271.42712	-0.6
-10259.52236	-0.6
-10247.6176	-0.6
-10235.71284	-0.6
-10223.80808	-0.4
-10211.90332	-0.6
-10199.99856	-0.4
-10188.0938	-0.6
-10176.18904	-0.6
-10164.28428	-0.6
-10152.37952	-0.6
-10140.47476	-0.6
-10128.57	-0.6
-10116.66524	-0.6
-10104.76048	-0.8
-10092.85572	-0.6
-10080.95096	-0.4
-10069.0462	-0.6
-10057.14144	-0.6
-10045.23668	-0.6
-10033.33192	-0.8
-10021.42716	-0.6
-10009.5224	-0.6
-9997.61764	-0.6
-9985.71288	-0.6
-9973.80812	-0.4
-9961.90336	-0.6
-9949.9986	-0.6
-9938.09384	-0.6
-9926.18908	-0.4
-9914.28432	-0.6
-9902.37956	-0.6
-9890.4748	-0.6
-9878.57004	-0.6
-9866.66528	-0.6
-9854.76052	-0.6
-9842.85576	-0.6
-9830.951	-0.4
-9819.04624	-0.6
-9807.14148	-0.8
-9795.23672	-0.6
-9783.33196	-0.6
-9771.4272	-0.6
-9759.52244	-0.4
-9747.61768	-0.6
-9735.71292	-0.4
-9723.80816	-0.6
-9711.9034	-0.6
-9699.99864	-0.4
-9688.09388	-0.6
-9676.18912	-0.4
-9664.28436	-0.4
-9652.3796	-0.4
-9640.47484	-0.6
-9628.57008	-0.4
-9616.66532	-0.6
-9604.76056	-0.6
-9592.8558	-0.6
-9580.95104	-0.6
-9569.04628	-0.6
-9557.14152	-0.6
-9545.23676	-0.4
-9533.332	-0.4
-9521.42724	-0.6
-9509.52248	-0.6
-9497.61772	-0.4
-9485.71296	-0.6
-9473.8082	-0.8
-9461.90344	-0.6
-9449.99868	-0.6
-9438.09392	-0.6
-9426.18916	-0.6
-9414.2844	-0.6
-9402.37964	-0.6
-9390.47488	-0.6
-9378.57012	-0.6
-9366.66536	-0.6
-9354.7606	-0.6
-9342.85584	-0.6
-9330.95108	-0.6
-9319.04632	-0.4
-9307.14156	-0.6
-9295.2368	-0.4
-9283.33204	-0.4
-9271.42728	-0.6
-9259.52252	-0.6
-9247.61776	-0.6
-9235.713	-0.6
-9223.80824	-0.6
-9211.90348	-0.8
-9199.99872	-0.4
-9188.09396	-0.4
-9176.1892	-0.6
-9164.28444	-0.6
-9152.37968	-0.6
-9140.47492	-0.6
-9128.57016	-0.4
-9116.6654	-0.4
-9104.76064	-0.6
-9092.85588	-0.6
-9080.95112	-0.6
-9069.04636	-0.6
-9057.1416	-0.6
-9045.23684	-0.6
-9033.33208	-0.6
-9021.42732	-0.6
-9009.52256	-0.6
-8997.6178	-0.6
-8985.71304	-0.6
-8973.80828	-0.6
-8961.90352	-0.4
-8949.99876	-0.4
-8938.094	-0.6
-8926.18924	-0.6
-8914.28448	-0.6
-8902.37972	-0.6
-8890.47496	-0.4
-8878.5702	-0.6
-8866.66544	-0.6
-8854.76068	-0.4
-8842.85592	-0.4
-8830.95116	-0.6
-8819.0464	-0.6
-8807.14164	-0.4
-8795.23688	-0.6
-8783.33212	-0.6
-8771.42736	-0.6
-8759.5226	-0.6
-8747.61784	-0.4
-8735.71308	-0.4
-8723.80832	-0.6
-8711.90356	-0.4
-8699.9988	-0.6
-8688.09404	-0.6
-8676.18928	-0.4
-8664.28452	-0.4
-8652.37976	-0.6
-8640.475	-0.4
-8628.57024	-0.4
-8616.66548	-0.4
-8604.76072	-0.6
-8592.85596	-0.6
-8580.9512	-0.4
-8569.04644	-0.4
-8557.14168	-0.4
-8545.23692	-0.6
-8533.33216	-0.6
-8521.4274	-0.6
-8509.52264	-0.6
-8497.61788	-0.6
-8485.71312	-0.4
-8473.80836	-0.4
-8461.9036	-0.6
-8449.99884	-0.6
-8438.09408	-0.4
-8426.18932	-0.6
-8414.28456	-0.4
-8402.3798	-0.4
-8390.47504	-0.6
-8378.57028	-0.4
-8366.66552	-0.4
-8354.76076	-0.6
-8342.856	-0.4
-8330.95124	-0.4
-8319.04648	-0.4
-8307.14172	-0.4
-8295.23696	-0.4
-8283.3322	-0.6
-8271.42744	-0.4
-8259.52268	-0.2
-8247.61792	-0.6
-8235.71316	-0.4
-8223.8084	-0.4
-8211.90364	-0.6
-8199.99888	-0.4
-8188.09412	-0.4
-8176.18936	-0.4
-8164.2846	-0.4
-8152.37984	-0.6
-8140.47508	-0.6
-8128.57032	-0.4
-8116.66556	-0.4
-8104.7608	-0.4
-8092.85604	-0.6
-8080.95128	-0.6
-8069.04652	-0.6
-8057.14176	-0.6
-8045.237	-0.6
-8033.33224	-0.4
-8021.42748	-0.4
-8009.52272	-0.6
-7997.61796	-0.4
-7985.7132	-0.4
-7973.80844	-0.6
-7961.90368	-0.4
-7949.99892	-0.4
-7938.09416	-0.4
-7926.1894	-0.6
-7914.28464	-0.4
-7902.37988	-0.4
-7890.47512	-0.4
-7878.57036	-0.4
-7866.6656	-0.4
-7854.76084	-0.6
-7842.85608	-0.4
-7830.95132	-0.4
-7819.04656	-0.6
-7807.1418	-0.2
-7795.23704	-0.6
-7783.33228	-0.4
-7771.42752	-0.6
-7759.52276	-0.4
-7747.618	-0.4
-7735.71324	-0.4
-7723.80848	-0.4
-7711.90372	-0.4
-7699.99896	-0.4
-7688.0942	-0.4
-7676.18944	-0.6
-7664.28468	-0.4
-7652.37992	-0.4
-7640.47516	-0.4
-7628.5704	-0.4
-7616.66564	-0.6
-7604.76088	-0.4
-7592.85612	-0.4
-7580.95136	-0.4
-7569.0466	-0.4
-7557.14184	-0.4
-7545.23708	-0.4
-7533.33232	-0.4
-7521.42756	-0.4
-7509.5228	-0.6
-7497.61804	-0.4
-7485.71328	-0.4
-7473.80852	-0.4
-7461.90376	-0.4
-7449.999	-0.4
-7438.09424	-0.4
-7426.18948	-0.4
-7414.28472	-0.4
-7402.37996	-0.4
-7390.4752	-0.4
-7378.57044	-0.4
-7366.66568	-0.2
-7354.76092	-0.4
-7342.85616	-0.4
-7330.9514	-0.4
-7319.04664	-0.4
-7307.14188	-0.4
-7295.23712	-0.2
-7283.33236	-0.4
-7271.4276	-0.2
-7259.52284	-0.4
-7247.61808	-0.2
-7235.71332	-0.4
-7223.80856	-0.4
-7211.9038	-0.4
-7199.99904	-0.4
-7188.09428	-0.4
-7176.18952	-0.4
-7164.28476	-0.2
-7152.38	-0.4
-7140.47524	-0.4
-7128.57048	-0.4
-7116.66572	-0.4
-7104.76096	-0.4
-7092.8562	-0.4
-7080.95144	-0.4
-7069.04668	-0.2
-7057.14192	-0.4
-7045.23716	-0.4
-7033.3324	-0.4
-7021.42764	-0.4
-7009.52288	-0.4
-6997.61812	-0.4
-6985.71336	-0.4
-6973.8086	-0.2
-6961.90384	-0.4
-6949.99908	-0.4
-6938.09432	-0.2
-6926.18956	-0.4
-6914.2848	-0.4
-6902.38004	-0.4
-6890.47528	-0.4
-6878.57052	-0.4
-6866.66576	-0.2
-6854.761	-0.4
-6842.85624	-0.4
-6830.95148	-0.4
-6819.04672	-0.4
-6807.14196	-0.4
-6795.2372	-0.2
-6783.33244	-0.4
-6771.42768	-0.2
-6759.52292	-0.4
-6747.61816	-0.4
-6735.7134	-0.4
-6723.80864	-0.2
-6711.90388	-0.4
-6699.99912	-0.4
-6688.09436	-0.2
-6676.1896	-0.2
-6664.28484	-0.4
-6652.38008	-0.4
-6640.47532	-0.4
-6628.57056	-0.2
-6616.6658	-0.2
-6604.76104	-0.4
-6592.85628	-0.4
-6580.95152	-0.4
-6569.04676	-0.2
-6557.142	-0.2
-6545.23724	-0.2
-6533.33248	-0.4
-6521.42772	-0.2
-6509.52296	-0.4
-6497.6182	-0.2
-6485.71344	-0.2
-6473.80868	-0.4
-6461.90392	-0.2
-6449.99916	-0.4
-6438.0944	-0.2
-6426.18964	-0.4
-6414.28488	-0.4
-6402.38012	-0.2
-6390.47536	-0.2
-6378.5706	-0.2
-6366.66584	-0.2
-6354.76108	-0.2
-6342.85632	-0.2
-6330.95156	-0.4
-6319.0468	-0.4
-6307.14204	-0.2
-6295.23728	-0.2
-6283.33252	-0.2
-6271.42776	-0.4
-6259.523	-0.2
-6247.61824	-0.2
-6235.71348	-0.2
-6223.80872	-0.2
-6211.90396	-0.4
-6199.9992	-0.4
-6188.09444	-0.2
-6176.18968	0
-6164.28492	-0.2
-6152.38016	-0.2
-6140.4754	-0.2
-6128.57064	-0.2
-6116.66588	-0.4
-6104.76112	-0.2
-6092.85636	0
-6080.9516	0
-6069.04684	-0.2
-6057.14208	0
-6045.23732	-0.2
-6033.33256	-0.2
-6021.4278	-0.2
-6009.52304	-0.2
-5997.61828	-0.2
-5985.71352	0
-5973.80876	-0.2
-5961.904	-0.2
-5949.99924	-0.2
-5938.09448	-0.2
-5926.18972	-0.2
-5914.28496	-0.2
-5902.3802	-0.2
-5890.47544	-0.2
-5878.57068	-0.2
-5866.66592	-0.2
-5854.76116	0
-5842.8564	-0.2
-5830.95164	-0.4
-5819.04688	-0.2
-5807.14212	0
-5795.23736	-0.2
-5783.3326	-0.2
-5771.42784	0
-5759.52308	0
-5747.61832	-0.2
-5735.71356	0
-5723.8088	-0.2
-5711.90404	-0.2
-5699.99928	-0.2
-5688.09452	0
-5676.18976	-0.2
-5664.285	-0.2
-5652.38024	-0.2
-5640.47548	-0.2
-5628.57072	-0.2
-5616.66596	0
-5604.7612	0
-5592.85644	0
-5580.95168	0
-5569.04692	-0.2
-5557.14216	-0.2
-5545.2374	-0.2
-5533.33264	0
-5521.42788	-0.2
-5509.52312	0
-5497.61836	-0.2
-5485.7136	0
-5473.80884	-0.2
-5461.90408	-0.2
-5449.99932	0
-5438.09456	-0.2
-5426.1898	0
-5414.28504	-0.2
-5402.38028	0
-5390.47552	-0.2
-5378.57076	-0.2
-5366.666	-0.2
-5354.76124	-0.2
-5342.85648	0
-5330.95172	0
-5319.04696	0
-5307.1422	0
-5295.23744	-0.2
-5283.33268	-0.2
-5271.42792	0
-5259.52316	-0.2
-5247.6184	0
-5235.71364	-0.2
-5223.80888	-0.2
-5211.90412	0
-5199.99936	0
-5188.0946	-0.2
-5176.18984	0
-5164.28508	-0.2
-5152.38032	-0.2
-5140.47556	-0.2
-5128.5708	0.2
-5116.66604	-0.2
-5104.76128	-0.2
-5092.85652	0
-5080.95176	0
-5069.047	0
-5057.14224	0
-5045.23748	0
-5033.33272	-0.2
-5021.42796	0
-5009.5232	0
-4997.61844	0
-4985.71368	0
-4973.80892	0
-4961.90416	0
-4949.9994	0
-4938.09464	0
-4926.18988	0
-4914.28512	0
-4902.38036	-0.2
-4890.4756	0
-4878.57084	0
-4866.66608	0
-4854.76132	0.2
-4842.85656	-0.2
-4830.9518	-0.2
-4819.04704	0
-4807.14228	0
-4795.23752	0
-4783.33276	-0.2
-4771.428	0
-4759.52324	0
-4747.61848	0
-4735.71372	0
-4723.80896	0
-4711.9042	0
-4699.99944	0
-4688.09468	0
-4676.18992	0.2
-4664.28516	0
-4652.3804	-0.2
-4640.47564	0
-4628.57088	0
-4616.66612	0
-4604.76136	0
-4592.8566	0
-4580.95184	0
-4569.04708	0
-4557.14232	0
-4545.23756	0.2
-4533.3328	0
-4521.42804	0.2
-4509.52328	0
-4497.61852	0
-4485.71376	0.2
-4473.809	0
-4461.90424	0
-4449.99948	0
-4438.09472	0
-4426.18996	0.2
-4414.2852	0.2
-4402.38044	0
-4390.47568	0
-4378.57092	0.2
-4366.66616	0.2
-4354.7614	0
-4342.85664	0
-4330.95188	0
-4319.04712	0.2
-4307.14236	0
-4295.2376	0.2
-4283.33284	0.2
-4271.42808	0.2
-4259.52332	0
-4247.61856	0.2
-4235.7138	0.2
-4223.80904	0
-4211.90428	0
-4199.99952	0
-4188.09476	0
-4176.19	0.2
-4164.28524	0
-4152.38048	0.2
-4140.47572	0
-4128.57096	0
-4116.6662	0
-4104.76144	0
-4092.85668	0
-4080.95192	0.2
-4069.04716	0.2
-4057.1424	0
-4045.23764	0
-4033.33288	0.2
-4021.42812	0.2
-4009.52336	0
-3997.6186	0
-3985.71384	0.2
-3973.80908	0
-3961.90432	0.2
-3949.99956	0.2
-3938.0948	0
-3926.19004	0
-3914.28528	0
-3902.38052	0.2
-3890.47576	0.2
-3878.571	0.2
-3866.66624	0.2
-3854.76148	0
-3842.85672	0
-3830.95196	0
-3819.0472	0.2
-3807.14244	0.2
-3795.23768	0
-3783.33292	0.2
-3771.42816	0.2
-3759.5234	0
-3747.61864	0.2
-3735.71388	0.2
-3723.80912	0
-3711.90436	0.2
-3699.9996	0.2
-3688.09484	0.2
-3676.19008	0
-3664.28532	0.2
-3652.38056	0.2
-3640.4758	0.2
-3628.57104	0.2
-3616.66628	0.2
-3604.76152	0.2
-3592.85676	0.2
-3580.952	0
-3569.04724	0
-3557.14248	0.2
-3545.23772	0.2
-3533.33296	0.2
-3521.4282	0.2
-3509.52344	0.2
-3497.61868	0.2
-3485.71392	0.2
-3473.80916	0
-3461.9044	0.2
-3449.99964	0.2
-3438.09488	0
-3426.19012	0.2
-3414.28536	0.2
-3402.3806	0
-3390.47584	0.2
-3378.57108	0
-3366.66632	0.2
-3354.76156	0.2
-3342.8568	0.2
-3330.95204	0.2
-3319.04728	0.2
-3307.14252	0.2
-3295.23776	0.2
-3283.333	0.2
-3271.42824	0.2
-3259.52348	0.2
-3247.61872	0.2
-3235.71396	0.2
-3223.8092	0.2
-3211.90444	0.2
-3199.99968	0.2
-3188.09492	0.2
-3176.19016	0.2
-3164.2854	0.2
-3152.38064	0.2
-3140.47588	0.2
-3128.57112	0.2
-3116.66636	0.2
-3104.7616	0.2
-3092.85684	0.4
-3080.95208	0.4
-3069.04732	0.4
-3057.14256	0.2
-3045.2378	0.2
-3033.33304	0.2
-3021.42828	0.2
-3009.52352	0.2
-2997.61876	0.2
-2985.714	0.2
-2973.80924	0.2
-2961.90448	0.2
-2949.99972	0.2
-2938.09496	0.2
-2926.1902	0.2
-2914.28544	0.2
-2902.38068	0.4
-2890.47592	0.2
-2878.57116	0.6
-2866.6664	0.4
-2854.76164	0.2
-2842.85688	0.2
-2830.95212	0.6
-2819.04736	0.2
-2807.1426	0.2
-2795.23784	0.4
-2783.33308	0.4
-2771.42832	0.4
-2759.52356	0.4
-2747.6188	0.4
-2735.71404	0.4
-2723.80928	0.6
-2711.90452	0.4
-2699.99976	0.4
-2688.095	0.4
-2676.19024	0.4
-2664.28548	0.4
-2652.38072	0.8
-2640.47596	0.6
-2628.5712	0.6
-2616.66644	0.6
-2604.76168	0.6
-2592.85692	0.6
-2580.95216	0.8
-2569.0474	0.6
-2557.14264	0.8
-2545.23788	0.8
-2533.33312	0.8
-2521.42836	0.8
-2509.5236	0.8
-2497.61884	0.6
-2485.71408	0.8
-2473.80932	0.8
-2461.90456	0.8
-2449.9998	0.8
-2438.09504	1
-2426.19028	0.8
-2414.28552	1
-2402.38076	1
-2390.476	1
-2378.57124	1
-2366.66648	1
-2354.76172	1.2
-2342.85696	1.2
-2330.9522	1
-2319.04744	1.2
-2307.14268	1.2
-2295.23792	1.4
-2283.33316	1.4
-2271.4284	1.4
-2259.52364	1.4
-2247.61888	1.4
-2235.71412	1.4
-2223.80936	1.4
-2211.9046	1.6
-2199.99984	1.4
-2188.09508	1.8
-2176.19032	1.6
-2164.28556	1.6
-2152.3808	1.8
-2140.47604	1.8
-2128.57128	1.8
-2116.66652	1.8
-2104.76176	2
-2092.857	2
-2080.95224	2.2
-2069.04748	2
-2057.14272	2.2
-2045.23796	2.4
-2033.3332	2.4
-2021.42844	2.4
-2009.52368	2.4
-1997.61892	2.6
-1985.71416	2.6
-1973.8094	2.6
-1961.90464	2.8
-1949.99988	2.8
-1938.09512	3
-1926.19036	3.2
-1914.2856	3
-1902.38084	3.2
-1890.47608	3.4
-1878.57132	3.4
-1866.66656	3.4
-1854.7618	3.6
-1842.85704	3.6
-1830.95228	3.6
-1819.04752	3.8
-1807.14276	3.8
-1795.238	4.2
-1783.33324	4.2
-1771.42848	4.2
-1759.52372	4.4
-1747.61896	4.6
-1735.7142	4.4
-1723.80944	4.6
-1711.90468	4.8
-1699.99992	4.8
-1688.09516	5
-1676.1904	5.2
-1664.28564	5.2
-1652.38088	5.4
-1640.47612	5.4
-1628.57136	5.4
-1616.6666	5.6
-1604.76184	5.8
-1592.85708	5.8
-1580.95232	6.2
-1569.04756	6.2
-1557.1428	6.2
-1545.23804	6.2
-1533.33328	6.4
-1521.42852	6.8
-1509.52376	6.8
-1497.619	6.8
-1485.71424	7
-1473.80948	7
-1461.90472	7.2
-1449.99996	7.2
-1438.0952	7.6
-1426.19044	7.6
-1414.28568	7.6
-1402.38092	8
-1390.47616	8.2
-1378.5714	8.2
-1366.66664	8.2
-1354.76188	8.6
-1342.85712	8.6
-1330.95236	8.6
-1319.0476	9
-1307.14284	8.8
-1295.23808	9.2
-1283.33332	9
-1271.42856	9.2
-1259.5238	9.4
-1247.61904	9.2
-1235.71428	9.6
-1223.80952	9.8
-1211.90476	9.8
-1200	9.8
-1188.09524	10
-1176.19048	9.8
-1164.28572	10.2
-1152.38096	10.4
-1140.4762	10.2
-1128.57144	10.4
-1116.66668	10.4
-1104.76192	10.4
-1092.85716	10.6
-1080.9524	10.8
-1069.04764	10.6
-1057.14288	10.8
-1045.23812	11
-1033.33336	11
-1021.4286	11
-1009.52384	11
-997.61908	11
-985.71432	11
-973.80956	11
-961.9048	11.4
-950.00004	11.2
-938.09528	11
-926.19052	11
-914.28576	11.2
-902.381	11.2
-890.47624	11
-878.57148	11.2
-866.66672	11
-854.76196	11.2
-842.8572	11
-830.95244	11
-819.04768	11
-807.14292	11
-795.23816	11
-783.3334	11
-771.42864	10.8
-759.52388	10.8
-747.61912	10.6
-735.71436	10.8
-723.8096	10.6
-711.90484	10.6
-700.00008	10.4
-688.09532	10.4
-676.19056	10.2
-664.2858	10.2
-652.38104	10
-640.47628	10
-628.57152	10
-616.66676	9.6
-604.762	9.6
-592.85724	9.6
-580.95248	9.4
-569.04772	9.2
-557.14296	9.2
-545.2382	8.8
-533.33344	8.8
-521.42868	8.8
-509.52392	8.8
-497.61916	8.6
-485.7144	8.2
-473.80964	8.2
-461.90488	8
-450.00012	7.6
-438.09536	7.6
-426.1906	7.4
-414.28584	7.4
-402.38108	7
-390.47632	6.6
-378.57156	6.8
-366.6668	6.4
-354.76204	6.4
-342.85728	6.2
-330.95252	5.6
-319.04776	5.6
-307.143	5.6
-295.23824	5.2
-283.33348	5.2
-271.42872	4.8
-259.52396	4.6
-247.6192	4.8
-235.71444	4.4
-223.80968	4.2
-211.90492	4
-200.00016	3.6
-188.0954	3.6
-176.19064	3.2
-164.28588	3.2
-152.38112	2.8
-140.47636	2.6
-128.5716	2.4
-116.66684	2.2
-104.76208	2
-92.85732	1.8
-80.95256	1.4
-69.0478	1.4
-57.14304	1
-45.23828	0.8
-33.33352	0.6
-21.42876	0.4
-9.524	0.2
2.38076	0
14.28552	-0.2
26.19028	-0.4
38.09504	-0.8
49.9998	-0.8
61.90456	-1.2
73.80932	-1.4
85.71408	-1.6
97.61884	-1.8
109.5236	-2
121.42836	-2.2
133.33312	-2.4
145.23788	-2.6
157.14264	-3
169.0474	-3.2
180.95216	-3.4
192.85692	-3.4
204.76168	-3.8
216.66644	-4
228.5712	-4.2
240.47596	-4.4
252.38072	-4.6
264.28548	-4.8
276.19024	-5.2
288.095	-5.2
299.99976	-5.4
311.90452	-5.8
323.80928	-6
335.71404	-6
347.6188	-6.2
359.52356	-6.6
371.42832	-6.8
383.33308	-7
395.23784	-7
407.1426	-7.2
419.04736	-7.6
430.95212	-7.6
442.85688	-8
454.76164	-8
466.6664	-8.2
478.57116	-8.4
490.47592	-8.6
502.38068	-8.8
514.28544	-9.2
526.1902	-8.8
538.09496	-9
549.99972	-9.4
561.90448	-9.4
573.80924	-9.6
585.714	-9.6
597.61876	-9.6
609.52352	-10
621.42828	-10
633.33304	-10.2
645.2378	-10.2
657.14256	-10.2
669.04732	-10.2
680.95208	-10.6
692.85684	-10.6
704.7616	-10.6
716.66636	-10.6
728.57112	-10.6
740.47588	-10.6
752.38064	-10.8
764.2854	-10.8
776.19016	-10.8
788.09492	-10.6
799.99968	-10.6
811.90444	-10.8
823.8092	-10.6
835.71396	-10.6
847.61872	-10.8
859.52348	-10.6
871.42824	-10.6
883.333	-10.6
895.23776	-10.4
907.14252	-10.6
919.04728	-10.4
930.95204	-10.4
942.8568	-10.2
954.76156	-10.2
966.66632	-10.2
978.57108	-10
990.47584	-9.6
1002.3806	-9.6
1014.28536	-9.4
1026.19012	-9.4
1038.09488	-9.4
1049.99964	-9.2
1061.9044	-9
1073.80916	-8.8
1085.71392	-8.6
1097.61868	-8.6
1109.52344	-8.6
1121.4282	-8.4
1133.33296	-8
1145.23772	-8
1157.14248	-7.8
1169.04724	-7.6
1180.952	-7.6
1192.85676	-7.2
1204.76152	-7
1216.66628	-6.8
1228.57104	-6.6
1240.4758	-6.6
1252.38056	-6.2
1264.28532	-6
1276.19008	-6
1288.09484	-5.6
1299.9996	-5.4
1311.90436	-5.2
1323.80912	-5.2
1335.71388	-5
1347.61864	-4.8
1359.5234	-4.6
1371.42816	-4.2
1383.33292	-4.2
1395.23768	-4
1407.14244	-4
1419.0472	-3.6
1430.95196	-3.4
1442.85672	-3.4
1454.76148	-3.2
1466.66624	-3
1478.571	-2.8
1490.47576	-2.6
1502.38052	-2.6
1514.28528	-2.4
1526.19004	-2.2
1538.0948	-2
1549.99956	-1.8
1561.90432	-1.6
1573.80908	-1.6
1585.71384	-1.4
1597.6186	-1.2
1609.52336	-1
1621.42812	-1
1633.33288	-0.8
1645.23764	-0.6
1657.1424	-0.6
1669.04716	-0.4
1680.95192	-0.2
1692.85668	-0.2
1704.76144	-0.2
1716.6662	0
1728.57096	0.2
1740.47572	0.2
1752.38048	0.2
1764.28524	0.6
1776.19	0.6
1788.09476	0.8
1799.99952	0.6
1811.90428	0.8
1823.80904	0.8
1835.7138	1
1847.61856	1
1859.52332	1
1871.42808	1.2
1883.33284	1.4
1895.2376	1.2
1907.14236	1.4
1919.04712	1.2
1930.95188	1.6
1942.85664	1.6
1954.7614	1.4
1966.66616	1.6
1978.57092	1.6
1990.47568	1.6
2002.38044	1.6
2014.2852	1.6
2026.18996	1.6
2038.09472	1.8
2049.99948	1.8
2061.90424	1.8
2073.809	1.8
2085.71376	1.8
2097.61852	1.8
2109.52328	2
2121.42804	2
2133.3328	2
2145.23756	2
2157.14232	2
2169.04708	2
2180.95184	1.8
2192.8566	2
2204.76136	2
2216.66612	2
2228.57088	2
2240.47564	2
2252.3804	2
2264.28516	2
2276.18992	2.4
2288.09468	2
2299.99944	2
2311.9042	2
2323.80896	2
2335.71372	2.2
2347.61848	2.2
2359.52324	2
2371.428	2.2
2383.33276	2
2395.23752	2
2407.14228	2.2
2419.04704	2
2430.9518	2.2
2442.85656	2.2
2454.76132	2
2466.66608	2
2478.57084	2
2490.4756	2
2502.38036	2
2514.28512	2
2526.18988	2.2
2538.09464	2.2
2549.9994	2
2561.90416	2.2
2573.80892	2
2585.71368	2
2597.61844	2
2609.5232	2
2621.42796	2.2
2633.33272	2
2645.23748	2
2657.14224	2
2669.047	2
2680.95176	2
2692.85652	2.2
2704.76128	2
2716.66604	2.2
2728.5708	2
2740.47556	2
2752.38032	2.2
2764.28508	2
2776.18984	2
2788.0946	2.2
2799.99936	2
2811.90412	2
2823.80888	2
2835.71364	2
2847.6184	2
2859.52316	2
2871.42792	2
2883.33268	2
2895.23744	2
2907.1422	2.2
2919.04696	2
2930.95172	2
2942.85648	2
2954.76124	2
2966.666	2
2978.57076	2
2990.47552	2
3002.38028	2
3014.28504	2
3026.1898	2.2
3038.09456	2
3049.99932	2
3061.90408	2
3073.80884	1.8
3085.7136	2.2
3097.61836	2
3109.52312	2
3121.42788	2
3133.33264	1.8
3145.2374	1.8
3157.14216	2
3169.04692	2
3180.95168	2
3192.85644	2
3204.7612	2
3216.66596	2
3228.57072	2
3240.47548	2
3252.38024	2
3264.285	2
3276.18976	2
3288.09452	2
3299.99928	2
3311.90404	2
3323.8088	2
3335.71356	2
3347.61832	2
3359.52308	2
3371.42784	2
3383.3326	2
3395.23736	2
3407.14212	2
3419.04688	2
3430.95164	2
3442.8564	2
3454.76116	2
3466.66592	2
3478.57068	2
3490.47544	2
3502.3802	2
3514.28496	2
3526.18972	2
3538.09448	2
3549.99924	2
3561.904	2
3573.80876	2.2
3585.71352	2
3597.61828	2
3609.52304	2.2
3621.4278	2
3633.33256	2
3645.23732	2
3657.14208	2
3669.04684	2
3680.9516	2.2
3692.85636	2
3704.76112	2
3716.66588	2
3728.57064	2
3740.4754	2
3752.38016	2
3764.28492	2
3776.18968	2
3788.09444	2
3799.9992	2
3811.90396	2
3823.80872	2
3835.71348	2
3847.61824	2
3859.523	2
3871.42776	2
3883.33252	2
3895.23728	2.2
3907.14204	2
3919.0468	2.2
3930.95156	2
3942.85632	2
3954.76108	2
3966.66584	2.2
3978.5706	2
3990.47536	2
4002.38012	2
4014.28488	2
4026.18964	2.2
4038.0944	2.2
4049.99916	2.2
4061.90392	2
4073.80868	2.2
4085.71344	2
4097.6182	2
4109.52296	2.4
4121.42772	2
4133.33248	2.2
4145.23724	2.2
4157.142	2.2
4169.04676	2
4180.95152	2.2
4192.85628	2
4204.76104	2.2
4216.6658	2
4228.57056	2
4240.47532	2
4252.38008	2
4264.28484	2.2
4276.1896	2.2
4288.09436	2.2
4299.99912	2.2
4311.90388	2.2
4323.80864	2.2
4335.7134	2.2
4347.61816	2.2
4359.52292	2.4
4371.42768	2.2
4383.33244	2.2
4395.2372	2.2
4407.14196	2.2
4419.04672	2.2
4430.95148	2.4
4442.85624	2.2
4454.761	2
4466.66576	2.2
4478.57052	2
4490.47528	2.2
4502.38004	2.2
4514.2848	2.4
4526.18956	2.2
4538.09432	2.2
4549.99908	2.2
4561.90384	2.4
4573.8086	2.2
4585.71336	2.2
4597.61812	2.2
4609.52288	2
4621.42764	2.2
4633.3324	2.2
4645.23716	2.2
4657.14192	2.2
4669.04668	2.2
4680.95144	2
4692.8562	2.2
4704.76096	2.2
4716.66572	2.2
4728.57048	2.2
4740.47524	2.2
4752.38	2.2
4764.28476	2.2
4776.18952	2.2
4788.09428	2.2
4799.99904	2.2
4811.9038	2.2
4823.80856	2.4
4835.71332	2.4
4847.61808	2.4
4859.52284	2.4
4871.4276	2.2
4883.33236	2.4
4895.23712	2.2
4907.14188	2.4
4919.04664	2.4
4930.9514	2.4
4942.85616	2.4
4954.76092	2.2
4966.66568	2.2
4978.57044	2.2
4990.4752	2.2
5002.37996	2.2
5014.28472	2.2
5026.18948	2.2
5038.09424	2.2
5049.999	2.2
5061.90376	2.2
5073.80852	2.2
5085.71328	2.4
5097.61804	2.2
5109.5228	2.4
5121.42756	2.2
5133.33232	2.4
5145.23708	2.2
5157.14184	2.2
5169.0466	2.4
5180.95136	2.2
5192.85612	2.4
5204.76088	2.4
5216.66564	2.2
5228.5704	2.2
5240.47516	2.4
5252.37992	2.4
5264.28468	2.2
5276.18944	2.4
5288.0942	2.4
5299.99896	2.2
5311.90372	2.4
5323.80848	2
5335.71324	2.4
5347.618	2.2
5359.52276	2.4
5371.42752	2.4
5383.33228	2.4
5395.23704	2.2
5407.1418	2.4
5419.04656	2.4
5430.95132	2.2
5442.85608	2.4
5454.76084	2.2
5466.6656	2.4
5478.57036	2.4
5490.47512	2.2
5502.37988	2.4
5514.28464	2.2
5526.1894	2.2
5538.09416	2.2
5549.99892	2.4
5561.90368	2.2
5573.80844	2.4
5585.7132	2.2
5597.61796	2.4
5609.52272	2.2
5621.42748	2.4
5633.33224	2.4
5645.237	2.4
5657.14176	2.4
5669.04652	2.4
5680.95128	2.4
5692.85604	2.4
5704.7608	2.2
5716.66556	2.4
5728.57032	2.4
5740.47508	2.2
5752.37984	2.4
5764.2846	2.4
5776.18936	2.4
5788.09412	2.4
5799.99888	2.4
5811.90364	2.2
5823.8084	2.2
5835.71316	2.4
5847.61792	2.2
5859.52268	2.4
5871.42744	2.4
5883.3322	2.4
5895.23696	2.4
5907.14172	2.4
5919.04648	2.4
5930.95124	2.4
5942.856	2.2
5954.76076	2.4
5966.66552	2.4
5978.57028	2.4
5990.47504	2.2
6002.3798	2.4
6014.28456	2.4
6026.18932	2.4
6038.09408	2.4
6049.99884	2.2
6061.9036	2.4
6073.80836	2.4
6085.71312	2.4
6097.61788	2.4
6109.52264	2.4
6121.4274	2.4
6133.33216	2.4
6145.23692	2.4
6157.14168	2.2
6169.04644	2.4
6180.9512	2.4
6192.85596	2.4
6204.76072	2.4
6216.66548	2.4
6228.57024	2.4
6240.475	2.6
6252.37976	2.4
6264.28452	2.4
6276.18928	2.4
6288.09404	2.4
6299.9988	2.4
6311.90356	2.2
6323.80832	2.4
6335.71308	2.2
6347.61784	2.4
6359.5226	2.2
6371.42736	2.4
6383.33212	2.4
6395.23688	2.4
6407.14164	2.4
6419.0464	2.4
6430.95116	2.4
6442.85592	2.4
6454.76068	2.2
6466.66544	2.4
6478.5702	2.4
6490.47496	2.4
6502.37972	2.4
6514.28448	2.4
6526.18924	2.4
6538.094	2.4
6549.99876	2.4
6561.90352	2.6
6573.80828	2.2
6585.71304	2.4
6597.6178	2.4
6609.52256	2.4
6621.42732	2.4
6633.33208	2.2
6645.23684	2.4
6657.1416	2.4
6669.04636	2.4
6680.95112	2.4
6692.85588	2.4
6704.76064	2.6
6716.6654	2.4
6728.57016	2.2
6740.47492	2.4
6752.37968	2.4
6764.28444	2.4
6776.1892	2.4
6788.09396	2.4
6799.99872	2.2
6811.90348	2.4
6823.80824	2.2
6835.713	2.4
6847.61776	2.4
6859.52252	2.4
6871.42728	2.4
6883.33204	2.4
6895.2368	2.4
6907.14156	2.4
6919.04632	2.4
6930.95108	2.2
6942.85584	2.4
6954.7606	2.4
6966.66536	2.4
6978.57012	2.4
6990.47488	2.4
7002.37964	2.4
7014.2844	2.4
7026.18916	2.2
7038.09392	2.4
7049.99868	2.4
7061.90344	2.4
7073.8082	2.4
7085.71296	2.4
7097.61772	2.4
7109.52248	2.4
7121.42724	2.4
7133.332	2.4
7145.23676	2.4
7157.14152	2.2
7169.04628	2.6
7180.95104	2.4
7192.8558	2.2
7204.76056	2.4
7216.66532	2.4
7228.57008	2.2
7240.47484	2.2
7252.3796	2.6
7264.28436	2.4
7276.18912	2.4
7288.09388	2.4
7299.99864	2.4
7311.9034	2.4
7323.80816	2.2
7335.71292	2.4
7347.61768	2.2
7359.52244	2.2
7371.4272	2.4
7383.33196	2.4
7395.23672	2.4
7407.14148	2.2
7419.04624	2.2
7430.951	2.4
7442.85576	2.4
7454.76052	2.4
7466.66528	2.4
7478.57004	2.4
7490.4748	2.4
7502.37956	2.4
7514.28432	2.4
7526.18908	2.2
7538.09384	2.4
7549.9986	2.4
7561.90336	2.4
7573.80812	2.4
7585.71288	2.2
7597.61764	2.4
7609.5224	2.4
7621.42716	2.4
7633.33192	2.4
7645.23668	2.2
7657.14144	2.4
7669.0462	2.4
7680.95096	2.4
7692.85572	2.4
7704.76048	2.4
7716.66524	2.4
7728.57	2.4
7740.47476	2.4
7752.37952	2.4
7764.28428	2.4
7776.18904	2.4
7788.0938	2.4
7799.99856	2.2
7811.90332	2.2
7823.80808	2.4
7835.71284	2.4
7847.6176	2.4
7859.52236	2.4
7871.42712	2.2
7883.33188	2.4
7895.23664	2.4
7907.1414	2.4
7919.04616	2.4
7930.95092	2.6
7942.85568	2.4
7954.76044	2.4
7966.6652	2.2
7978.56996	2.4
7990.47472	2.4
8002.37948	2.4
8014.28424	2.4
8026.189	2.4
8038.09376	2.4
8049.99852	2.4
8061.90328	2.4
8073.80804	2.4
8085.7128	2.4
8097.61756	2.6
8109.52232	2.4
8121.42708	2.4
8133.33184	2.4
8145.2366	2.4
8157.14136	2.4
8169.04612	2.4
8180.95088	2.2
8192.85564	2.4
8204.7604	2.4
8216.66516	2.4
8228.56992	2.4
8240.47468	2.4
8252.37944	2.4
8264.2842	2.4
8276.18896	2.4
8288.09372	2.4
8299.99848	2.2
8311.90324	2.4
8323.808	2.4
8335.71276	2.4
8347.61752	2.4
8359.52228	2.4
8371.42704	2.4
8383.3318	2.4
8395.23656	2.4
8407.14132	2.4
8419.04608	2.4
8430.95084	2.4
8442.8556	2.4
8454.76036	2.4
8466.66512	2.4
8478.56988	2.4
8490.47464	2.4
8502.3794	2.2
8514.28416	2.2
8526.18892	2.6
8538.09368	2.4
8549.99844	2.4
8561.9032	2.4
8573.80796	2.4
8585.71272	2.4
8597.61748	2.4
8609.52224	2.4
8621.427	2.4
8633.33176	2.4
8645.23652	2.4
8657.14128	2.2
8669.04604	2.4
8680.9508	2.4
8692.85556	2.2
8704.76032	2.4
8716.66508	2.4
8728.56984	2.4
8740.4746	2.2
8752.37936	2.2
8764.28412	2.4
8776.18888	2.4
8788.09364	2.4
8799.9984	2.4
8811.90316	2.4
8823.80792	2.4
8835.71268	2.2
8847.61744	2.2
8859.5222	2.4
8871.42696	2.4
8883.33172	2.4
8895.23648	2.4
8907.14124	2.4
8919.046	2.6
8930.95076	2.4
8942.85552	2.4
8954.76028	2.4
8966.66504	2.4
8978.5698	2.4
8990.47456	2.4
9002.37932	2.4
9014.28408	2.4
9026.18884	2.4
9038.0936	2.4
9049.99836	2.4
9061.90312	2.2
9073.80788	2.4
9085.71264	2.4
9097.6174	2.4
9109.52216	2.2
9121.42692	2.2
9133.33168	2.4
9145.23644	2.2
9157.1412	2.4
9169.04596	2.2
9180.95072	2.4
9192.85548	2.2
9204.76024	2.4
9216.665	2.4
9228.56976	2.4
9240.47452	2.4
9252.37928	2.2
9264.28404	2.4
9276.1888	2.4
9288.09356	2.4
9299.99832	2.4
9311.90308	2.4
9323.80784	2.4
9335.7126	2.4
9347.61736	2.2
9359.52212	2.6
9371.42688	2.4
9383.33164	2.4
9395.2364	2.4
9407.14116	2.4
9419.04592	2.4
9430.95068	2.4
9442.85544	2.4
9454.7602	2.4
9466.66496	2.2
9478.56972	2.4
9490.47448	2.4
9502.37924	2.2
9514.284	2.4
9526.18876	2.2
9538.09352	2.2
9549.99828	2.2
9561.90304	2.4
9573.8078	2.4
9585.71256	2.4
9597.61732	2.4
9609.52208	2.4
9621.42684	2.4
9633.3316	2.2
9645.23636	2.4
9657.14112	2.4
9669.04588	2.2
9680.95064	2.4
9692.8554	2.2
9704.76016	2.6
9716.66492	2.4
9728.56968	2.4
9740.47444	2.4
9752.3792	2.4
9764.28396	2.2
9776.18872	2.2
9788.09348	2.2
9799.99824	2.4
9811.903	2.2
9823.80776	2.4
9835.71252	2.4
9847.61728	2.4
9859.52204	2.2
9871.4268	2.4
9883.33156	2.4
9895.23632	2.2
9907.14108	2.4
9919.04584	2.4
9930.9506	2.4
9942.85536	2.2
9954.76012	2.2
9966.66488	2.4
9978.56964	2.2
9990.4744	2.4
10002.37916	2.4
10014.28392	2.4
10026.18868	2.4
10038.09344	2.4
10049.9982	2.4
10061.90296	2.4
10073.80772	2.4
10085.71248	2.2
10097.61724	2.6
10109.522	2.2
10121.42676	2.4
10133.33152	2.2
10145.23628	2.4
10157.14104	2.4
10169.0458	2.4
10180.95056	2.4
10192.85532	2.4
10204.76008	2.4
10216.66484	2.4
10228.5696	2.4
10240.47436	2.4
10252.37912	2.2
10264.28388	2.4
10276.18864	2.4
10288.0934	2.4
10299.99816	2.4
10311.90292	2.2
10323.80768	2.2
10335.71244	2.4
10347.6172	2.4
10359.52196	2
10371.42672	2.2
10383.33148	2.4
10395.23624	2.4
10407.141	2.4
10419.04576	2.4
10430.95052	2.4
10442.85528	2.4
10454.76004	2.4
10466.6648	2.4
10478.56956	2.2
10490.47432	2.4
10502.37908	2.4
10514.28384	2.4
10526.1886	2.4
10538.09336	2.4
10549.99812	2.4
10561.90288	2.4
10573.80764	2.4
10585.7124	2.4
10597.61716	2.4
10609.52192	2.2
10621.42668	2.4
10633.33144	2.4
10645.2362	2.4
10657.14096	2.2
10669.04572	2.2
10680.95048	2.4
10692.85524	2.4
10704.76	2.2
10716.66476	2.4
10728.56952	2.4
10740.47428	2.2
10752.37904	2.4
10764.2838	2.4
10776.18856	2.4
10788.09332	2.4
10799.99808	2.4
10811.90284	2.2
10823.8076	2.4
10835.71236	2.4
10847.61712	2.4
10859.52188	2.2
10871.42664	2.4
10883.3314	2.4
10895.23616	2.2
10907.14092	2.4
10919.04568	2.2
10930.95044	2.4
10942.8552	2.4
10954.75996	2.2
10966.66472	2.4
10978.56948	2.4
10990.47424	2.4
11002.379	2.4
11014.28376	2.4
11026.18852	2.4
11038.09328	2.4
11049.99804	2.4
11061.9028	2.2
11073.80756	2.4
11085.71232	2.2
11097.61708	2.4
11109.52184	2.4
11121.4266	2.4
11133.33136	2.4
11145.23612	2.4
11157.14088	2.4
11169.04564	2.2
11180.9504	2.2
11192.85516	2.4
11204.75992	2.4
11216.66468	2.4
11228.56944	2.2
11240.4742	2.2
11252.37896	2.2
11264.28372	2.4
11276.18848	2.4
11288.09324	2.2
11299.998	2.2
11311.90276	2.4
11323.80752	2.2
11335.71228	2.2
11347.61704	2.4
11359.5218	2.4
11371.42656	2.4
11383.33132	2.2
11395.23608	2.2
11407.14084	2.2
11419.0456	2.4
11430.95036	2.2
11442.85512	2.2
11454.75988	2.4
11466.66464	2.4
11478.5694	2.2
11490.47416	2.4
11502.37892	2.2
11514.28368	2.2
11526.18844	2.4
11538.0932	2.4
11549.99796	2.2
11561.90272	2.4
11573.80748	2.4
11585.71224	2.4
11597.617	2.2
11609.52176	2.4
11621.42652	2.4
11633.33128	2.2
11645.23604	2.2
11657.1408	2.2
11669.04556	2.2
11680.95032	2.2
11692.85508	2.4
11704.75984	2.2
11716.6646	2.2
11728.56936	2.2
11740.47412	2.2
11752.37888	2.4
11764.28364	2.4
11776.1884	2.4
11788.09316	2.2
11799.99792	2.2
11811.90268	2
11823.80744	2.2
11835.7122	2.4
11847.61696	2.4
11859.52172	2.2
11871.42648	2.2
11883.33124	2.4
11895.236	2.2
11907.14076	2.4
11919.04552	2.2
11930.95028	2.2
11942.85504	2.2
11954.7598	2.2
11966.66456	1
11978.56932	1
11990.47408	0.8
12002.37884	1
12014.2836	1
12026.18836	1
12038.09312	1
12049.99788	0.8
12061.90264	1
12073.8074	1
12085.71216	1
12097.61692	0.8
12109.52168	1
12121.42644	1
12133.3312	1
12145.23596	1.2
12157.14072	1
12169.04548	0.8
12180.95024	1
12192.855	1
12204.75976	0.8
12216.66452	1.2
12228.56928	1.2
12240.47404	1
12252.3788	0.8
12264.28356	1
12276.18832	1
12288.09308	1
12299.99784	1
12311.9026	0.8
12323.80736	1
12335.71212	1.2
12347.61688	1
12359.52164	1
12371.4264	1
12383.33116	1
12395.23592	0.8
12407.14068	1
12419.04544	0.8
12430.9502	1
12442.85496	0.8
12454.75972	1
12466.66448	1
12478.56924	1
12490.474	1.2
12502.37876	1
12514.28352	1
12526.18828	0.8
12538.09304	1
12549.9978	1
12561.90256	1
12573.80732	0.8
12585.71208	1
12597.61684	1
12609.5216	1.2
12621.42636	0.8
12633.33112	1.2
12645.23588	1
12657.14064	1
12669.0454	1
12680.95016	1
12692.85492	1
12704.75968	1
12716.66444	1
12728.5692	0.8
12740.47396	1
12752.37872	1.2
12764.28348	1.2
12776.18824	1
12788.093	1
12799.99776	1
12811.90252	1
12823.80728	1
12835.71204	1
12847.6168	1
12859.52156	1
12871.42632	1
12883.33108	1
12895.23584	1
12907.1406	0.8
12919.04536	1.2
12930.95012	1
12942.85488	0.8
12954.75964	1
12966.6644	1
12978.56916	1
12990.47392	0.8
13002.37868	1
13014.28344	0.8
13026.1882	1
13038.09296	1
13049.99772	1
13061.90248	1
13073.80724	1
13085.712	1
13097.61676	1
13109.52152	1
13121.42628	0.8
13133.33104	1
13145.2358	1.2
13157.14056	1.2
13169.04532	1
13180.95008	1
13192.85484	1
13204.7596	0.8
13216.66436	1.2
13228.56912	1
13240.47388	1
13252.37864	1
13264.2834	1
13276.18816	1
13288.09292	1
13299.99768	0.8
13311.90244	1
13323.8072	0.8
13335.71196	0.8
13347.61672	0.8
13359.52148	1
13371.42624	1.2
13383.331	1
13395.23576	0.8
13407.14052	0.8
13419.04528	1
13430.95004	1
13442.8548	1
13454.75956	1
13466.66432	1
13478.56908	1
13490.47384	1
13502.3786	1
13514.28336	1
13526.18812	1
13538.09288	1
13549.99764	0.8
13561.9024	1
13573.80716	1
13585.71192	1
13597.61668	0.8
13609.52144	1
13621.4262	1
13633.33096	1
13645.23572	1
13657.14048	1
13669.04524	1
