-5900.47619	-2.4
-5894.52381	-2.4
-5888.571429	-2
-5882.619048	-2.4
-5876.666667	-2.4
-5870.714286	-2.4
-5864.761905	-2
-5858.809524	-2.4
-5852.857143	-2
-5846.904762	-2.4
-5840.952381	-2
-5835	-2
-5829.047619	-2.4
-5823.095238	-2
-5817.142857	-2.4
-5811.190476	-2.4
-5805.238095	-2.4
-5799.285714	-2.4
-5793.333333	-2.4
-5787.380952	-2.4
-5781.428571	-2.4
-5775.47619	-2
-5769.52381	-2.4
-5763.571429	-2.4
-5757.619048	-2.4
-5751.666667	-2.4
-5745.714286	-2.4
-5739.761905	-2.4
-5733.809524	-2.4
-5727.857143	-2.4
-5721.904762	-2
-5715.952381	-2.4
-5710	-2.4
-5704.047619	-2
-5698.095238	-2.4
-5692.142857	-2.4
-5686.190476	-2
-5680.238095	-2.4
-5674.285714	-2.4
-5668.333333	-2.4
-5662.380952	-2.4
-5656.428571	-2
-5650.47619	-2.4
-5644.52381	-2.4
-5638.571429	-2.4
-5632.619048	-2
-5626.666667	-2.4
-5620.714286	-2.4
-5614.761905	-2.4
-5608.809524	-2.4
-5602.857143	-2
-5596.904762	-2.4
-5590.952381	-2.4
-5585	-2.4
-5579.047619	-2.4
-5573.095238	-2.4
-5567.142857	-2.4
-5561.190476	-2.4
-5555.238095	-2.4
-5549.285714	-2.4
-5543.333333	-2.4
-5537.380952	-2.4
-5531.428571	-2.4
-5525.47619	-2
-5519.52381	-2
-5513.571429	-2.4
-5507.619048	-2.4
-5501.666667	-2.4
-5495.714286	-2
-5489.761905	-2
-5483.809524	-2.4
-5477.857143	-2.4
-5471.904762	-2.4
-5465.952381	-2.4
-5460	-2.4
-5454.047619	-2.4
-5448.095238	-2.4
-5442.142857	-2
-5436.190476	-2
-5430.238095	-2.4
-5424.285714	-2
-5418.333333	-2.4
-5412.380952	-2
-5406.428571	-2.4
-5400.47619	-2.4
-5394.52381	-2.4
-5388.571429	-2
-5382.619048	-2.4
-5376.666667	-2.4
-5370.714286	-2.4
-5364.761905	-2.4
-5358.809524	-2.4
-5352.857143	-2
-5346.904762	-2.4
-5340.952381	-2.4
-5335	-2.4
-5329.047619	-2.4
-5323.095238	-2.4
-5317.142857	-2.4
-5311.190476	-2.4
-5305.238095	-2.4
-5299.285714	-2.4
-5293.333333	-2.4
-5287.380952	-2.4
-5281.428571	-2.4
-5275.47619	-2
-5269.52381	-2.4
-5263.571429	-2
-5257.619048	-2.4
-5251.666667	-2.4
-5245.714286	-2
-5239.761905	-2.4
-5233.809524	-2.4
-5227.857143	-2.4
-5221.904762	-2.8
-5215.952381	-2.4
-5210	-2.4
-5204.047619	-2
-5198.095238	-2
-5192.142857	-2.4
-5186.190476	-2.4
-5180.238095	-2.4
-5174.285714	-2.4
-5168.333333	-2
-5162.380952	-2.4
-5156.428571	-2.4
-5150.47619	-2.4
-5144.52381	-2
-5138.571429	-2.4
-5132.619048	-2.4
-5126.666667	-2.4
-5120.714286	-2.4
-5114.761905	-2.4
-5108.809524	-2.4
-5102.857143	-2.4
-5096.904762	-2.4
-5090.952381	-2.4
-5085	-2.4
-5079.047619	-2.4
-5073.095238	-2.4
-5067.142857	-2.4
-5061.190476	-2.4
-5055.238095	-2.4
-5049.285714	-2.4
-5043.333333	-2.4
-5037.380952	-2.4
-5031.428571	-2.4
-5025.47619	-2.4
-5019.52381	-2
-5013.571429	-2
-5007.619048	-2
-5001.666667	-2.4
-4995.714286	-2.4
-4989.761905	-2.4
-4983.809524	-2.4
-4977.857143	-2.4
-4971.904762	-2.4
-4965.952381	-2
-4960	-2.4
-4954.047619	-2.4
-4948.095238	-2.4
-4942.142857	-2.4
-4936.190476	-2.4
-4930.238095	-2.4
-4924.285714	-2.4
-4918.333333	-2.4
-4912.380952	-2.4
-4906.428571	-2.4
-4900.47619	-2.4
-4894.52381	-2.4
-4888.571429	-2.4
-4882.619048	-2.4
-4876.666667	-2.4
-4870.714286	-2.4
-4864.761905	-2.4
-4858.809524	-2
-4852.857143	-2.4
-4846.904762	-2.4
-4840.952381	-2.4
-4835	-2.4
-4829.047619	-2
-4823.095238	-2.4
-4817.142857	-2.4
-4811.190476	-2.4
-4805.238095	-2.4
-4799.285714	-2.4
-4793.333333	-2.4
-4787.380952	-2.4
-4781.428571	-2.4
-4775.47619	-2
-4769.52381	-2.4
-4763.571429	-2.4
-4757.619048	-2.4
-4751.666667	-2.4
-4745.714286	-2.4
-4739.761905	-2.4
-4733.809524	-2.4
-4727.857143	-2.4
-4721.904762	-2.4
-4715.952381	-2.4
-4710	-2.4
-4704.047619	-2
-4698.095238	-2.4
-4692.142857	-2.4
-4686.190476	-2.4
-4680.238095	-2.4
-4674.285714	-2.4
-4668.333333	-2.8
-4662.380952	-2.4
-4656.428571	-2.4
-4650.47619	-2.4
-4644.52381	-2.4
-4638.571429	-2.4
-4632.619048	-2.4
-4626.666667	-2.4
-4620.714286	-2.4
-4614.761905	-2.8
-4608.809524	-2.4
-4602.857143	-2.4
-4596.904762	-2.4
-4590.952381	-2.4
-4585	-2.4
-4579.047619	-2.4
-4573.095238	-2.4
-4567.142857	-2.4
-4561.190476	-2.4
-4555.238095	-2.4
-4549.285714	-2.4
-4543.333333	-2.4
-4537.380952	-2.4
-4531.428571	-2.4
-4525.47619	-2.4
-4519.52381	-2.8
-4513.571429	-2.4
-4507.619048	-2.8
-4501.666667	-2.4
-4495.714286	-2.4
-4489.761905	-2.8
-4483.809524	-2.4
-4477.857143	-2.8
-4471.904762	-2.4
-4465.952381	-2.4
-4460	-2.4
-4454.047619	-2.4
-4448.095238	-2.4
-4442.142857	-2.4
-4436.190476	-2.4
-4430.238095	-2.4
-4424.285714	-2.4
-4418.333333	-2.4
-4412.380952	-2.4
-4406.428571	-2.8
-4400.47619	-2.4
-4394.52381	-2.4
-4388.571429	-2.4
-4382.619048	-2.4
-4376.666667	-2.4
-4370.714286	-2.4
-4364.761905	-2.4
-4358.809524	-2.4
-4352.857143	-2.4
-4346.904762	-2.4
-4340.952381	-2.4
-4335	-2
-4329.047619	-2.4
-4323.095238	-2.4
-4317.142857	-2.4
-4311.190476	-2.4
-4305.238095	-2.4
-4299.285714	-2.4
-4293.333333	-2.4
-4287.380952	-2.8
-4281.428571	-2.4
-4275.47619	-2.4
-4269.52381	-2.4
-4263.571429	-2.4
-4257.619048	-2.4
-4251.666667	-2.4
-4245.714286	-2.4
-4239.761905	-2.8
-4233.809524	-2.4
-4227.857143	-2.4
-4221.904762	-2.4
-4215.952381	-2.8
-4210	-2.4
-4204.047619	-2.4
-4198.095238	-2.8
-4192.142857	-2.8
-4186.190476	-2.4
-4180.238095	-2.8
-4174.285714	-2.4
-4168.333333	-2.4
-4162.380952	-2.8
-4156.428571	-2.4
-4150.47619	-2.4
-4144.52381	-2.8
-4138.571429	-2.4
-4132.619048	-2.4
-4126.666667	-2.8
-4120.714286	-2.8
-4114.761905	-2.8
-4108.809524	-2.4
-4102.857143	-2.4
-4096.904762	-2.4
-4090.952381	-2.4
-4085	-2.8
-4079.047619	-2.8
-4073.095238	-2.8
-4067.142857	-2.8
-4061.190476	-2.8
-4055.238095	-2.8
-4049.285714	-2.8
-4043.333333	-2.4
-4037.380952	-2.8
-4031.428571	-2.4
-4025.47619	-2.4
-4019.52381	-2.4
-4013.571429	-2.8
-4007.619048	-2.8
-4001.666667	-2.8
-3995.714286	-2.8
-3989.761905	-2.8
-3983.809524	-2.8
-3977.857143	-2.8
-3971.904762	-2.8
-3965.952381	-2.4
-3960	-2.4
-3954.047619	-2.4
-3948.095238	-2.4
-3942.142857	-2.8
-3936.190476	-2.4
-3930.238095	-2.8
-3924.285714	-2.8
-3918.333333	-2.8
-3912.380952	-2.8
-3906.428571	-2.8
-3900.47619	-2.8
-3894.52381	-2.8
-3888.571429	-2.8
-3882.619048	-2.8
-3876.666667	-2.8
-3870.714286	-2.8
-3864.761905	-2.8
-3858.809524	-2.8
-3852.857143	-2.8
-3846.904762	-2.8
-3840.952381	-2.8
-3835	-2.8
-3829.047619	-2.8
-3823.095238	-2.8
-3817.142857	-2.8
-3811.190476	-2.8
-3805.238095	-2.8
-3799.285714	-2.8
-3793.333333	-2.4
-3787.380952	-2.8
-3781.428571	-2.8
-3775.47619	-2.8
-3769.52381	-2.8
-3763.571429	-2.8
-3757.619048	-2.8
-3751.666667	-2.8
-3745.714286	-2.8
-3739.761905	-2.8
-3733.809524	-2.8
-3727.857143	-2.8
-3721.904762	-2.8
-3715.952381	-2.8
-3710	-2.8
-3704.047619	-2.8
-3698.095238	-2.8
-3692.142857	-2.8
-3686.190476	-2.8
-3680.238095	-2.8
-3674.285714	-2.8
-3668.333333	-2.8
-3662.380952	-2.8
-3656.428571	-2.8
-3650.47619	-2.8
-3644.52381	-2.8
-3638.571429	-2.8
-3632.619048	-2.8
-3626.666667	-2.8
-3620.714286	-2.8
-3614.761905	-2.8
-3608.809524	-2.8
-3602.857143	-2.8
-3596.904762	-2.8
-3590.952381	-2.8
-3585	-2.8
-3579.047619	-2.8
-3573.095238	-2.8
-3567.142857	-2.8
-3561.190476	-2.8
-3555.238095	-2.8
-3549.285714	-2.8
-3543.333333	-2.8
-3537.380952	-2.8
-3531.428571	-2.8
-3525.47619	-2.8
-3519.52381	-2.8
-3513.571429	-2.8
-3507.619048	-2.8
-3501.666667	-3.2
-3495.714286	-2.8
-3489.761905	-3.2
-3483.809524	-2.8
-3477.857143	-2.8
-3471.904762	-3.2
-3465.952381	-2.8
-3460	-2.8
-3454.047619	-2.8
-3448.095238	-3.2
-3442.142857	-3.2
-3436.190476	-3.2
-3430.238095	-2.8
-3424.285714	-2.8
-3418.333333	-2.8
-3412.380952	-3.2
-3406.428571	-2.8
-3400.47619	-2.8
-3394.52381	-2.8
-3388.571429	-2.8
-3382.619048	-2.8
-3376.666667	-3.2
-3370.714286	-2.8
-3364.761905	-2.8
-3358.809524	-3.2
-3352.857143	-2.8
-3346.904762	-3.2
-3340.952381	-2.8
-3335	-3.2
-3329.047619	-2.8
-3323.095238	-3.2
-3317.142857	-2.8
-3311.190476	-3.2
-3305.238095	-3.2
-3299.285714	-3.2
-3293.333333	-2.8
-3287.380952	-2.8
-3281.428571	-3.2
-3275.47619	-3.2
-3269.52381	-3.2
-3263.571429	-3.2
-3257.619048	-3.2
-3251.666667	-2.8
-3245.714286	-3.2
-3239.761905	-3.2
-3233.809524	-3.2
-3227.857143	-3.2
-3221.904762	-3.2
-3215.952381	-3.2
-3210	-3.2
-3204.047619	-3.2
-3198.095238	-3.2
-3192.142857	-3.2
-3186.190476	-3.2
-3180.238095	-3.2
-3174.285714	-3.2
-3168.333333	-3.2
-3162.380952	-3.2
-3156.428571	-3.2
-3150.47619	-2.8
-3144.52381	-3.2
-3138.571429	-3.2
-3132.619048	-3.2
-3126.666667	-3.2
-3120.714286	-3.2
-3114.761905	-3.2
-3108.809524	-3.2
-3102.857143	-3.2
-3096.904762	-3.2
-3090.952381	-3.2
-3085	-3.2
-3079.047619	-3.2
-3073.095238	-3.2
-3067.142857	-3.2
-3061.190476	-3.2
-3055.238095	-3.2
-3049.285714	-3.2
-3043.333333	-3.2
-3037.380952	-3.2
-3031.428571	-3.2
-3025.47619	-3.2
-3019.52381	-3.2
-3013.571429	-3.6
-3007.619048	-3.2
-3001.666667	-3.2
-2995.714286	-3.2
-2989.761905	-3.2
-2983.809524	-3.2
-2977.857143	-3.2
-2971.904762	-3.2
-2965.952381	-3.6
-2960	-3.6
-2954.047619	-3.6
-2948.095238	-3.2
-2942.142857	-3.2
-2936.190476	-3.6
-2930.238095	-3.2
-2924.285714	-3.6
-2918.333333	-3.2
-2912.380952	-3.6
-2906.428571	-3.6
-2900.47619	-3.6
-2894.52381	-3.6
-2888.571429	-3.6
-2882.619048	-3.2
-2876.666667	-3.6
-2870.714286	-3.6
-2864.761905	-3.6
-2858.809524	-3.6
-2852.857143	-3.6
-2846.904762	-3.6
-2840.952381	-3.6
-2835	-3.6
-2829.047619	-3.6
-2823.095238	-3.2
-2817.142857	-3.6
-2811.190476	-3.6
-2805.238095	-3.6
-2799.285714	-4
-2793.333333	-3.6
-2787.380952	-3.6
-2781.428571	-3.6
-2775.47619	-3.6
-2769.52381	-3.6
-2763.571429	-3.6
-2757.619048	-3.6
-2751.666667	-4
-2745.714286	-4
-2739.761905	-4
-2733.809524	-4
-2727.857143	-3.6
-2721.904762	-3.6
-2715.952381	-3.6
-2710	-3.6
-2704.047619	-3.6
-2698.095238	-4
-2692.142857	-3.6
-2686.190476	-3.6
-2680.238095	-4
-2674.285714	-3.6
-2668.333333	-3.6
-2662.380952	-3.6
-2656.428571	-4
-2650.47619	-4
-2644.52381	-3.6
-2638.571429	-4
-2632.619048	-4
-2626.666667	-4
-2620.714286	-4
-2614.761905	-3.6
-2608.809524	-4
-2602.857143	-4
-2596.904762	-4
-2590.952381	-4
-2585	-4
-2579.047619	-4
-2573.095238	-4
-2567.142857	-4
-2561.190476	-4
-2555.238095	-4
-2549.285714	-4
-2543.333333	-4
-2537.380952	-4
-2531.428571	-4
-2525.47619	-4
-2519.52381	-4
-2513.571429	-4
-2507.619048	-4
-2501.666667	-4
-2495.714286	-4
-2489.761905	-4
-2483.809524	-4
-2477.857143	-4
-2471.904762	-4
-2465.952381	-4.4
-2460	-4
-2454.047619	-4
-2448.095238	-4
-2442.142857	-4.4
-2436.190476	-4.4
-2430.238095	-4.4
-2424.285714	-4
-2418.333333	-4
-2412.380952	-4
-2406.428571	-4
-2400.47619	-4.4
-2394.52381	-4.4
-2388.571429	-4
-2382.619048	-4.4
-2376.666667	-4
-2370.714286	-4.4
-2364.761905	-4.4
-2358.809524	-4.4
-2352.857143	-4.4
-2346.904762	-4
-2340.952381	-4.4
-2335	-4.4
-2329.047619	-4.4
-2323.095238	-4.4
-2317.142857	-4
-2311.190476	-4.4
-2305.238095	-4.4
-2299.285714	-4
-2293.333333	-4.4
-2287.380952	-4.4
-2281.428571	-4.4
-2275.47619	-4.4
-2269.52381	-4.4
-2263.571429	-4.4
-2257.619048	-4.4
-2251.666667	-4.4
-2245.714286	-4.8
-2239.761905	-4.4
-2233.809524	-4.4
-2227.857143	-4.8
-2221.904762	-4.4
-2215.952381	-4.4
-2210	-4.4
-2204.047619	-4.4
-2198.095238	-4.8
-2192.142857	-4.4
-2186.190476	-4.8
-2180.238095	-4.4
-2174.285714	-4.8
-2168.333333	-4.4
-2162.380952	-4.4
-2156.428571	-4.4
-2150.47619	-4.8
-2144.52381	-4.8
-2138.571429	-4.8
-2132.619048	-4.8
-2126.666667	-4.8
-2120.714286	-4.8
-2114.761905	-4.8
-2108.809524	-4.8
-2102.857143	-4.8
-2096.904762	-4.4
-2090.952381	-4.8
-2085	-4.8
-2079.047619	-4.8
-2073.095238	-4.4
-2067.142857	-4.8
-2061.190476	-4.8
-2055.238095	-4.8
-2049.285714	-4.4
-2043.333333	-4.8
-2037.380952	-4.8
-2031.428571	-4.8
-2025.47619	-4.8
-2019.52381	-4.8
-2013.571429	-4.4
-2007.619048	-4.4
-2001.666667	-4.8
-1995.714286	-4.8
-1989.761905	-4.4
-1983.809524	-4.8
-1977.857143	-4.8
-1971.904762	-4.8
-1965.952381	-4.4
-1960	-4.4
-1954.047619	-4.8
-1948.095238	-4.4
-1942.142857	-4.4
-1936.190476	-4.4
-1930.238095	-4.4
-1924.285714	-4.8
-1918.333333	-4.8
-1912.380952	-4.4
-1906.428571	-4.4
-1900.47619	-4.4
-1894.52381	-4.8
-1888.571429	-4.4
-1882.619048	-4.4
-1876.666667	-4.4
-1870.714286	-4.8
-1864.761905	-4.4
-1858.809524	-4.4
-1852.857143	-4.4
-1846.904762	-4.4
-1840.952381	-4.4
-1835	-4.4
-1829.047619	-4.4
-1823.095238	-4.4
-1817.142857	-4.4
-1811.190476	-4
-1805.238095	-4.4
-1799.285714	-4.4
-1793.333333	-4
-1787.380952	-4
-1781.428571	-4
-1775.47619	-4
-1769.52381	-4
-1763.571429	-4
-1757.619048	-4
-1751.666667	-4
-1745.714286	-4
-1739.761905	-4
-1733.809524	-4
-1727.857143	-4
-1721.904762	-4
-1715.952381	-4
-1710	-4
-1704.047619	-4
-1698.095238	-4
-1692.142857	-4
-1686.190476	-3.6
-1680.238095	-4
-1674.285714	-3.6
-1668.333333	-3.6
-1662.380952	-3.6
-1656.428571	-3.6
-1650.47619	-3.6
-1644.52381	-3.6
-1638.571429	-3.6
-1632.619048	-3.2
-1626.666667	-3.2
-1620.714286	-3.2
-1614.761905	-3.2
-1608.809524	-3.2
-1602.857143	-3.2
-1596.904762	-3.2
-1590.952381	-2.8
-1585	-3.2
-1579.047619	-2.8
-1573.095238	-2.8
-1567.142857	-2.8
-1561.190476	-2.8
-1555.238095	-2.8
-1549.285714	-2.8
-1543.333333	-2.8
-1537.380952	-2.8
-1531.428571	-2.4
-1525.47619	-2.4
-1519.52381	-2.4
-1513.571429	-2.4
-1507.619048	-2
-1501.666667	-2
-1495.714286	-2
-1489.761905	-2
-1483.809524	-2
-1477.857143	-2
-1471.904762	-1.6
-1465.952381	-1.6
-1460	-1.6
-1454.047619	-1.6
-1448.095238	-1.2
-1442.142857	-1.2
-1436.190476	-1.2
-1430.238095	-0.8
-1424.285714	-0.8
-1418.333333	-0.8
-1412.380952	-0.8
-1406.428571	-0.8
-1400.47619	-0.4
-1394.52381	-0.8
-1388.571429	0
-1382.619048	0
-1376.666667	-0.4
-1370.714286	0
-1364.761905	0
-1358.809524	0
-1352.857143	0
-1346.904762	0.4
-1340.952381	0.8
-1335	0.4
-1329.047619	0.8
-1323.095238	0.8
-1317.142857	1.2
-1311.190476	1.2
-1305.238095	1.2
-1299.285714	1.6
-1293.333333	1.6
-1287.380952	2
-1281.428571	2
-1275.47619	2
-1269.52381	2.4
-1263.571429	2.4
-1257.619048	2.4
-1251.666667	2.8
-1245.714286	2.8
-1239.761905	2.8
-1233.809524	3.2
-1227.857143	3.2
-1221.904762	3.6
-1215.952381	3.6
-1210	4
-1204.047619	4
-1198.095238	4
-1192.142857	4.4
-1186.190476	4.4
-1180.238095	4.4
-1174.285714	4.8
-1168.333333	4.8
-1162.380952	5.2
-1156.428571	5.2
-1150.47619	5.6
-1144.52381	5.6
-1138.571429	6
-1132.619048	6
-1126.666667	6.4
-1120.714286	6.8
-1114.761905	6.4
-1108.809524	6.8
-1102.857143	7.2
-1096.904762	7.2
-1090.952381	7.6
-1085	8
-1079.047619	8
-1073.095238	8
-1067.142857	8.4
-1061.190476	8.4
-1055.238095	8.8
-1049.285714	9.2
-1043.333333	9.2
-1037.380952	9.6
-1031.428571	10
-1025.47619	10
-1019.52381	10
-1013.571429	10.4
-1007.619048	10.8
-1001.666667	10.8
-995.7142857	11.2
-989.7619048	11.2
-983.8095238	11.6
-977.8571429	11.6
-971.9047619	11.6
-965.952381	12
-960	12.4
-954.047619	12.4
-948.0952381	12.8
-942.1428571	12.8
-936.1904762	13.2
-930.2380952	13.2
-924.2857143	13.6
-918.3333333	14
-912.3809524	14
-906.4285714	14.4
-900.4761905	14.8
-894.5238095	14.8
-888.5714286	14.8
-882.6190476	15.2
-876.6666667	15.6
-870.7142857	15.6
-864.7619048	15.6
-858.8095238	16
-852.8571429	16.4
-846.9047619	16.4
-840.952381	16.4
-835	17.2
-829.047619	17.2
-823.0952381	17.2
-817.1428571	17.6
-811.1904762	18
-805.2380952	17.6
-799.2857143	18
-793.3333333	18
-787.3809524	18.4
-781.4285714	18.4
-775.4761905	18.4
-769.5238095	18.8
-763.5714286	19.2
-757.6190476	19.2
-751.6666667	19.2
-745.7142857	19.6
-739.7619048	19.6
-733.8095238	19.6
-727.8571429	20
-721.9047619	20
-715.952381	20
-710	20
-704.047619	20.4
-698.0952381	20.8
-692.1428571	20.8
-686.1904762	20.8
-680.2380952	21.2
-674.2857143	21.2
-668.3333333	21.2
-662.3809524	21.6
-656.4285714	21.6
-650.4761905	21.6
-644.5238095	21.6
-638.5714286	21.6
-632.6190476	22
-626.6666667	22
-620.7142857	22
-614.7619048	22
-608.8095238	22.4
-602.8571429	22.4
-596.9047619	22.4
-590.952381	22.4
-585	22.8
-579.047619	22.8
-573.0952381	22.4
-567.1428571	22.4
-561.1904762	22.8
-555.2380952	22.8
-549.2857143	22.8
-543.3333333	22.8
-537.3809524	22.8
-531.4285714	22.8
-525.4761905	22.8
-519.5238095	22.8
-513.5714286	22.8
-507.6190476	22.8
-501.6666667	22.8
-495.7142857	22.8
-489.7619048	22.8
-483.8095238	22.8
-477.8571429	22.8
-471.9047619	22.8
-465.952381	22.4
-460	22.4
-454.047619	22.4
-448.0952381	22.4
-442.1428571	22.4
-436.1904762	22.4
-430.2380952	22
-424.2857143	22
-418.3333333	21.6
-412.3809524	22
-406.4285714	21.6
-400.4761905	21.6
-394.5238095	21.6
-388.5714286	21.6
-382.6190476	21.2
-376.6666667	21.2
-370.7142857	20.8
-364.7619048	20.8
-358.8095238	20.4
-352.8571429	20.8
-346.9047619	20.4
-340.952381	20
-335	20
-329.047619	20
-323.0952381	19.6
-317.1428571	19.2
-311.1904762	19.2
-305.2380952	19.2
-299.2857143	18.8
-293.3333333	18.4
-287.3809524	18.4
-281.4285714	18
-275.4761905	18
-269.5238095	18
-263.5714286	17.6
-257.6190476	17.6
-251.6666667	17.2
-245.7142857	16.8
-239.7619048	16.8
-233.8095238	16.4
-227.8571429	16
-221.9047619	16
-215.952381	15.6
-210	15.2
-204.047619	14.8
-198.0952381	14.8
-192.1428571	14.4
-186.1904762	14
-180.2380952	13.6
-174.2857143	13.6
-168.3333333	12.8
-162.3809524	12.8
-156.4285714	12.4
-150.4761905	12.4
-144.5238095	11.6
-138.5714286	11.2
-132.6190476	11.2
-126.6666667	10.8
-120.7142857	10.4
-114.7619048	10.4
-108.8095238	10
-102.8571429	9.6
-96.9047619	9.2
-90.95238095	8.8
-85	8
-79.04761905	8
-73.0952381	7.6
-67.14285714	7.2
-61.19047619	6.8
-55.23809524	6.4
-49.28571429	6
-43.33333333	5.6
-37.38095238	5.2
-31.42857143	4.8
-25.47619048	4.4
-19.52380952	4
-13.57142857	4
-7.619047619	3.6
-1.666666667	3.2
4.285714286	2.8
10.23809524	2.4
16.19047619	2
22.14285714	1.6
28.0952381	0.8
34.04761905	0.8
40	0.4
45.95238095	0
51.9047619	-0.4
57.85714286	-0.8
63.80952381	-1.2
69.76190476	-1.6
75.71428571	-2
81.66666667	-2.4
87.61904762	-2.8
93.57142857	-3.2
99.52380952	-4
105.4761905	-4
111.4285714	-4.4
117.3809524	-4.8
123.3333333	-4.8
129.2857143	-5.6
135.2380952	-6
141.1904762	-6
147.1428571	-6.8
153.0952381	-6.8
159.047619	-7.6
165	-8
170.952381	-8
176.9047619	-8.4
182.8571429	-8.8
188.8095238	-9.2
194.7619048	-9.6
200.7142857	-10
206.6666667	-10
212.6190476	-10.4
218.5714286	-11.2
224.5238095	-11.6
230.4761905	-11.6
236.4285714	-12
242.3809524	-12.4
248.3333333	-12.8
254.2857143	-13.2
260.2380952	-13.2
266.1904762	-14
272.1428571	-14
278.0952381	-14.4
284.047619	-14.8
290	-15.2
295.952381	-15.6
301.9047619	-15.6
307.8571429	-16
313.8095238	-16.4
319.7619048	-16.4
325.7142857	-16.8
331.6666667	-17.2
337.6190476	-17.2
343.5714286	-17.6
349.5238095	-17.6
355.4761905	-18.4
361.4285714	-18.4
367.3809524	-18.8
373.3333333	-19.2
379.2857143	-19.2
385.2380952	-19.6
391.1904762	-19.6
397.1428571	-20
403.0952381	-20.4
409.047619	-20.4
415	-20.8
420.952381	-21.2
426.9047619	-21.2
432.8571429	-21.2
438.8095238	-21.6
444.7619048	-22
450.7142857	-22
456.6666667	-22
462.6190476	-22.4
468.5714286	-22.8
474.5238095	-22.8
480.4761905	-22.8
486.4285714	-22.8
492.3809524	-23.2
498.3333333	-23.6
504.2857143	-23.6
510.2380952	-23.6
516.1904762	-23.6
522.1428571	-24
528.0952381	-24
534.047619	-24.4
540	-24.4
545.952381	-24.4
551.9047619	-24.4
557.8571429	-24.4
563.8095238	-24.8
569.7619048	-24.8
575.7142857	-24.8
581.6666667	-25.2
587.6190476	-24.8
593.5714286	-24.8
599.5238095	-25.2
605.4761905	-25.6
611.4285714	-25.2
617.3809524	-25.2
623.3333333	-25.6
629.2857143	-25.6
635.2380952	-25.6
641.1904762	-25.6
647.1428571	-25.6
653.0952381	-25.6
659.047619	-25.6
665	-25.6
670.952381	-25.6
676.9047619	-25.6
682.8571429	-25.6
688.8095238	-25.6
694.7619048	-25.6
700.7142857	-25.6
706.6666667	-25.6
712.6190476	-25.6
718.5714286	-25.6
724.5238095	-25.6
730.4761905	-25.6
736.4285714	-25.6
742.3809524	-25.6
748.3333333	-25.6
754.2857143	-25.6
760.2380952	-25.2
766.1904762	-25.2
772.1428571	-25.2
778.0952381	-25.2
784.047619	-24.8
790	-24.8
795.952381	-24.4
801.9047619	-24.4
807.8571429	-24.4
813.8095238	-24.4
819.7619048	-24.4
825.7142857	-24.4
831.6666667	-24
837.6190476	-24
843.5714286	-24
849.5238095	-23.6
855.4761905	-23.6
861.4285714	-23.2
867.3809524	-23.2
873.3333333	-23.2
879.2857143	-22.8
885.2380952	-22.8
891.1904762	-22.8
897.1428571	-22.4
903.0952381	-22.4
909.047619	-22.4
915	-22.4
920.952381	-22
926.9047619	-22
932.8571429	-21.6
938.8095238	-21.6
944.7619048	-21.2
950.7142857	-21.2
956.6666667	-21.2
962.6190476	-20.8
968.5714286	-20.8
974.5238095	-20.4
980.4761905	-20.4
986.4285714	-20
992.3809524	-19.6
998.3333333	-20
1004.285714	-19.2
1010.238095	-19.2
1016.190476	-19.2
1022.142857	-18.8
1028.095238	-18.4
1034.047619	-18.8
1040	-18.4
1045.952381	-18
1051.904762	-18
1057.857143	-17.6
1063.809524	-17.2
1069.761905	-17.2
1075.714286	-17.2
1081.666667	-16.8
1087.619048	-16.8
1093.571429	-16.4
1099.52381	-16.4
1105.47619	-16.4
1111.428571	-16
1117.380952	-16
1123.333333	-15.6
1129.285714	-15.2
1135.238095	-14.8
1141.190476	-15.2
1147.142857	-14.8
1153.095238	-14.4
1159.047619	-14
1165	-14
1170.952381	-13.6
1176.904762	-13.6
1182.857143	-13.2
1188.809524	-13.6
1194.761905	-13.2
1200.714286	-12.8
1206.666667	-12.4
1212.619048	-12
1218.571429	-12
1224.52381	-11.6
1230.47619	-11.6
1236.428571	-11.2
1242.380952	-11.2
1248.333333	-11.2
1254.285714	-10.8
1260.238095	-10.4
1266.190476	-10.4
1272.142857	-10
1278.095238	-9.6
1284.047619	-9.6
1290	-9.6
1295.952381	-9.6
1301.904762	-9.2
1307.857143	-9.2
1313.809524	-8.8
1319.761905	-8.8
1325.714286	-8.4
1331.666667	-8
1337.619048	-8
1343.571429	-8
1349.52381	-7.6
1355.47619	-7.2
1361.428571	-7.2
1367.380952	-7.2
1373.333333	-6.8
1379.285714	-6.4
1385.238095	-6.4
1391.190476	-6.4
1397.142857	-6
1403.095238	-6
1409.047619	-6
1415	-5.6
1420.952381	-5.2
1426.904762	-5.2
1432.857143	-4.8
1438.809524	-4.8
1444.761905	-4.8
1450.714286	-4.4
1456.666667	-4.4
1462.619048	-4
1468.571429	-4
1474.52381	-4
1480.47619	-4
1486.428571	-3.6
1492.380952	-3.2
1498.333333	-3.2
1504.285714	-2.8
1510.238095	-2.8
1516.190476	-2.8
1522.142857	-2.4
1528.095238	-2.4
1534.047619	-2.4
1540	-2
1545.952381	-2
1551.904762	-2
1557.857143	-1.6
1563.809524	-1.6
1569.761905	-1.2
1575.714286	-1.2
1581.666667	-0.8
1587.619048	-1.2
1593.571429	-0.8
1599.52381	-0.8
1605.47619	-0.4
1611.428571	-0.4
1617.380952	0
1623.333333	-0.4
1629.285714	0
1635.238095	0
1641.190476	0
1647.142857	0
1653.095238	0
1659.047619	0.4
1665	0.4
1670.952381	0.8
1676.904762	0.8
1682.857143	0.8
1688.809524	1.2
1694.761905	1.2
1700.714286	1.2
1706.666667	1.2
1712.619048	1.6
1718.571429	1.2
1724.52381	1.6
1730.47619	2
1736.428571	1.6
1742.380952	2
1748.333333	2
1754.285714	2
1760.238095	2.4
1766.190476	2.4
1772.142857	2.4
1778.095238	2
1784.047619	2.4
1790	2.8
1795.952381	2.4
1801.904762	2.4
1807.857143	2.8
1813.809524	2.8
1819.761905	3.2
1825.714286	2.8
1831.666667	2.8
1837.619048	2.8
1843.571429	3.2
1849.52381	3.2
1855.47619	3.2
1861.428571	3.2
1867.380952	3.2
1873.333333	3.2
1879.285714	3.2
1885.238095	3.2
1891.190476	3.2
1897.142857	3.6
1903.095238	3.6
1909.047619	3.6
1915	3.6
1920.952381	3.6
1926.904762	3.6
1932.857143	3.6
1938.809524	3.6
1944.761905	4
1950.714286	3.6
1956.666667	4
1962.619048	4
1968.571429	4
1974.52381	4
1980.47619	4
1986.428571	4
1992.380952	4
1998.333333	4
2004.285714	4
2010.238095	4
2016.190476	4
2022.142857	4
2028.095238	4
2034.047619	4
2040	4
2045.952381	4
2051.904762	4
2057.857143	4
2063.809524	4
2069.761905	4
2075.714286	4
2081.666667	4.4
2087.619048	4
2093.571429	4
2099.52381	4
2105.47619	4.4
2111.428571	4
2117.380952	4
2123.333333	4.4
2129.285714	4
2135.238095	4
2141.190476	4.4
2147.142857	4.4
2153.095238	4
2159.047619	4.4
2165	4.4
2170.952381	4.4
2176.904762	4
2182.857143	4
2188.809524	4
2194.761905	4.4
2200.714286	4
2206.666667	4
2212.619048	4
2218.571429	4.4
2224.52381	4.4
2230.47619	4.4
2236.428571	4.4
2242.380952	4
2248.333333	4
2254.285714	4
2260.238095	4
2266.190476	4
2272.142857	4
2278.095238	4
2284.047619	4
2290	4
2295.952381	4
2301.904762	4
2307.857143	4
2313.809524	4
2319.761905	4
2325.714286	4
2331.666667	4
2337.619048	4
2343.571429	4
2349.52381	4
2355.47619	4
2361.428571	4
2367.380952	4
2373.333333	4
2379.285714	4
2385.238095	4
2391.190476	4
2397.142857	4
2403.095238	4
2409.047619	4
2415	4
2420.952381	4
2426.904762	4
2432.857143	4
2438.809524	3.6
2444.761905	3.6
2450.714286	4
2456.666667	4
2462.619048	3.6
2468.571429	3.6
2474.52381	3.6
2480.47619	3.6
2486.428571	4
2492.380952	3.6
2498.333333	3.6
2504.285714	4
2510.238095	3.6
2516.190476	4
2522.142857	3.6
2528.095238	3.6
2534.047619	3.6
2540	3.6
2545.952381	3.6
2551.904762	3.6
2557.857143	3.6
2563.809524	3.6
2569.761905	4
2575.714286	3.6
2581.666667	3.6
2587.619048	3.6
2593.571429	3.6
2599.52381	3.6
2605.47619	3.6
2611.428571	3.6
2617.380952	3.6
2623.333333	3.6
2629.285714	3.2
2635.238095	3.2
2641.190476	3.6
2647.142857	3.6
2653.095238	3.2
2659.047619	3.2
2665	3.2
2670.952381	3.2
2676.904762	3.2
2682.857143	3.2
2688.809524	3.2
2694.761905	3.2
2700.714286	3.2
2706.666667	3.2
2712.619048	3.2
2718.571429	3.2
2724.52381	3.2
2730.47619	3.2
2736.428571	3.2
2742.380952	3.2
2748.333333	3.2
2754.285714	3.2
2760.238095	3.2
2766.190476	3.2
2772.142857	3.2
2778.095238	3.2
2784.047619	2.8
2790	3.2
2795.952381	3.2
2801.904762	3.2
2807.857143	2.8
2813.809524	3.2
2819.761905	3.2
2825.714286	3.2
2831.666667	2.8
2837.619048	3.2
2843.571429	2.8
2849.52381	3.2
2855.47619	2.8
2861.428571	3.2
2867.380952	2.8
2873.333333	2.8
2879.285714	3.2
2885.238095	2.8
2891.190476	2.8
2897.142857	3.2
2903.095238	3.2
2909.047619	3.2
2915	2.8
2920.952381	2.8
2926.904762	2.8
2932.857143	2.8
2938.809524	2.8
2944.761905	2.8
2950.714286	2.4
2956.666667	2.8
2962.619048	2.8
2968.571429	2.8
2974.52381	2.8
2980.47619	2.8
2986.428571	2.8
2992.380952	2.8
2998.333333	2.8
3004.285714	2.8
3010.238095	2.8
3016.190476	2.8
3022.142857	2.8
3028.095238	2.4
3034.047619	2.4
3040	2.8
3045.952381	2.8
3051.904762	2.8
3057.857143	2.8
3063.809524	2.8
3069.761905	2.8
3075.714286	2.4
3081.666667	2.8
3087.619048	2.4
3093.571429	2.4
3099.52381	2.4
3105.47619	2.8
3111.428571	2.4
3117.380952	2.4
3123.333333	2.8
3129.285714	2.4
3135.238095	2.4
3141.190476	2.4
3147.142857	2.4
3153.095238	2.4
3159.047619	2.4
3165	2.4
3170.952381	2.4
3176.904762	2
3182.857143	2.4
3188.809524	2
3194.761905	2.4
3200.714286	2.4
3206.666667	2.4
3212.619048	2.4
3218.571429	2
3224.52381	2.4
3230.47619	2
3236.428571	2.4
3242.380952	2.4
3248.333333	2
3254.285714	2.4
3260.238095	2
3266.190476	2.4
3272.142857	2
3278.095238	2
3284.047619	2
3290	2
3295.952381	2
3301.904762	2
3307.857143	2.4
3313.809524	2
3319.761905	2.4
3325.714286	2.4
3331.666667	2
3337.619048	2
3343.571429	2
3349.52381	2.4
3355.47619	2
3361.428571	2
3367.380952	2
3373.333333	2
3379.285714	2
3385.238095	2.4
3391.190476	2
3397.142857	2
3403.095238	2
3409.047619	2
3415	2
3420.952381	2
3426.904762	2
3432.857143	2.4
3438.809524	2
3444.761905	2
3450.714286	2
3456.666667	2
3462.619048	2
3468.571429	2
3474.52381	2
3480.47619	2
3486.428571	2
3492.380952	2
3498.333333	2
3504.285714	1.6
3510.238095	2
3516.190476	2
3522.142857	2
3528.095238	2
3534.047619	2
3540	2
3545.952381	2
3551.904762	2
3557.857143	2
3563.809524	2
3569.761905	2
3575.714286	2
3581.666667	2
3587.619048	2
3593.571429	1.6
3599.52381	1.6
3605.47619	2
3611.428571	2
3617.380952	2
3623.333333	2
3629.285714	1.6
3635.238095	2
3641.190476	2
3647.142857	2
3653.095238	2
3659.047619	2
3665	1.6
3670.952381	2
3676.904762	2
3682.857143	2
3688.809524	1.6
3694.761905	1.6
3700.714286	2
3706.666667	1.6
3712.619048	1.6
3718.571429	1.6
3724.52381	2
3730.47619	1.6
3736.428571	2
3742.380952	2
3748.333333	2
3754.285714	1.6
3760.238095	1.6
3766.190476	1.6
3772.142857	1.6
3778.095238	2
3784.047619	1.6
3790	1.6
3795.952381	1.6
3801.904762	1.6
3807.857143	2
3813.809524	2
3819.761905	1.6
3825.714286	1.6
3831.666667	2
3837.619048	1.6
3843.571429	1.6
3849.52381	1.6
3855.47619	1.6
3861.428571	1.6
3867.380952	2
3873.333333	1.6
3879.285714	1.6
3885.238095	1.6
3891.190476	1.6
3897.142857	1.6
3903.095238	1.6
3909.047619	1.6
3915	1.6
3920.952381	1.6
3926.904762	1.6
3932.857143	1.6
3938.809524	1.6
3944.761905	1.6
3950.714286	2
3956.666667	1.6
3962.619048	1.6
3968.571429	1.6
3974.52381	1.6
3980.47619	1.6
3986.428571	1.6
3992.380952	1.6
3998.333333	1.6
4004.285714	1.6
4010.238095	1.6
4016.190476	1.6
4022.142857	1.6
4028.095238	1.6
4034.047619	1.6
4040	1.6
4045.952381	1.6
4051.904762	1.2
4057.857143	1.6
4063.809524	1.6
4069.761905	1.6
4075.714286	1.6
4081.666667	1.6
4087.619048	1.2
4093.571429	1.6
4099.52381	1.6
4105.47619	1.2
4111.428571	1.6
4117.380952	1.6
4123.333333	1.6
4129.285714	1.6
4135.238095	1.2
4141.190476	1.6
4147.142857	1.6
4153.095238	1.6
4159.047619	1.6
4165	1.6
4170.952381	1.6
4176.904762	1.2
4182.857143	1.2
4188.809524	1.2
4194.761905	1.6
4200.714286	1.6
4206.666667	1.6
4212.619048	1.6
4218.571429	1.6
4224.52381	1.2
4230.47619	1.2
4236.428571	1.2
4242.380952	1.6
4248.333333	1.6
4254.285714	1.6
4260.238095	1.2
4266.190476	1.6
4272.142857	1.6
4278.095238	1.6
4284.047619	1.6
4290	1.2
4295.952381	1.2
4301.904762	1.6
4307.857143	1.2
4313.809524	1.6
4319.761905	1.6
4325.714286	1.6
4331.666667	1.2
4337.619048	1.2
4343.571429	1.2
4349.52381	1.2
4355.47619	1.2
4361.428571	1.6
4367.380952	1.6
4373.333333	1.6
4379.285714	1.2
4385.238095	1.2
4391.190476	1.2
4397.142857	1.2
4403.095238	1.2
4409.047619	1.2
4415	1.6
4420.952381	1.2
4426.904762	1.2
4432.857143	1.2
4438.809524	1.2
4444.761905	1.2
4450.714286	1.2
4456.666667	1.6
4462.619048	1.2
4468.571429	1.2
4474.52381	1.2
4480.47619	1.6
4486.428571	1.2
4492.380952	1.2
4498.333333	1.2
4504.285714	1.2
4510.238095	1.2
4516.190476	1.2
4522.142857	1.2
4528.095238	1.2
4534.047619	1.6
4540	1.2
4545.952381	1.2
4551.904762	1.2
4557.857143	1.2
4563.809524	1.2
4569.761905	1.2
4575.714286	1.6
4581.666667	1.6
4587.619048	1.2
4593.571429	1.2
4599.52381	1.2
4605.47619	1.2
4611.428571	1.2
4617.380952	1.2
4623.333333	1.2
4629.285714	1.2
4635.238095	1.2
4641.190476	1.2
4647.142857	1.2
4653.095238	1.2
4659.047619	1.2
4665	1.6
4670.952381	1.6
4676.904762	1.6
4682.857143	1.2
4688.809524	1.2
4694.761905	1.2
4700.714286	1.2
4706.666667	1.2
4712.619048	1.2
4718.571429	1.2
4724.52381	1.2
4730.47619	1.2
4736.428571	1.2
4742.380952	1.2
4748.333333	1.2
4754.285714	1.2
4760.238095	1.2
4766.190476	1.2
4772.142857	1.2
4778.095238	1.2
4784.047619	1.2
4790	1.2
4795.952381	1.2
4801.904762	1.2
4807.857143	1.2
4813.809524	1.2
4819.761905	1.2
4825.714286	1.2
4831.666667	1.2
4837.619048	1.2
4843.571429	1.2
4849.52381	1.2
4855.47619	1.2
4861.428571	1.2
4867.380952	1.2
4873.333333	1.2
4879.285714	1.2
4885.238095	1.2
4891.190476	1.2
4897.142857	1.2
4903.095238	1.2
4909.047619	1.2
4915	1.2
4920.952381	1.2
4926.904762	1.2
4932.857143	1.2
4938.809524	1.2
4944.761905	1.2
4950.714286	1.2
4956.666667	1.2
4962.619048	1.2
4968.571429	1.2
4974.52381	1.2
4980.47619	1.2
4986.428571	1.2
4992.380952	1.2
4998.333333	1.2
5004.285714	1.2
5010.238095	1.2
5016.190476	1.2
5022.142857	1.2
5028.095238	1.2
5034.047619	1.2
5040	1.2
5045.952381	1.2
5051.904762	1.2
5057.857143	1.2
5063.809524	1.2
5069.761905	1.2
5075.714286	1.2
5081.666667	1.2
5087.619048	1.2
5093.571429	1.2
5099.52381	1.2
5105.47619	1.2
5111.428571	1.2
5117.380952	1.2
5123.333333	1.2
5129.285714	1.2
5135.238095	1.2
5141.190476	1.2
5147.142857	1.2
5153.095238	1.2
5159.047619	1.2
5165	1.2
5170.952381	1.2
5176.904762	1.2
5182.857143	1.2
5188.809524	1.2
5194.761905	1.2
5200.714286	1.2
5206.666667	1.2
5212.619048	1.2
5218.571429	1.2
5224.52381	1.2
5230.47619	1.6
5236.428571	1.2
5242.380952	1.2
5248.333333	1.2
5254.285714	1.2
5260.238095	1.2
5266.190476	1.2
5272.142857	1.2
5278.095238	1.2
5284.047619	1.2
5290	0.8
5295.952381	1.2
5301.904762	1.2
5307.857143	1.2
5313.809524	1.2
5319.761905	1.2
5325.714286	1.2
5331.666667	1.2
5337.619048	1.2
5343.571429	1.2
5349.52381	1.2
5355.47619	1.2
5361.428571	1.2
5367.380952	1.2
5373.333333	1.2
5379.285714	1.2
5385.238095	1.2
5391.190476	1.2
5397.142857	1.2
5403.095238	0.8
5409.047619	1.2
5415	1.2
5420.952381	1.2
5426.904762	1.2
5432.857143	1.2
5438.809524	1.2
5444.761905	1.2
5450.714286	1.2
5456.666667	1.2
5462.619048	1.2
5468.571429	1.2
5474.52381	1.2
5480.47619	1.2
5486.428571	1.2
5492.380952	1.2
5498.333333	1.2
5504.285714	0.8
5510.238095	1.2
5516.190476	1.2
5522.142857	1.2
5528.095238	0.8
5534.047619	1.2
5540	1.2
5545.952381	1.2
5551.904762	1.2
5557.857143	1.2
5563.809524	1.2
5569.761905	1.2
5575.714286	1.2
5581.666667	0.8
5587.619048	1.2
5593.571429	1.2
5599.52381	1.2
5605.47619	1.2
5611.428571	1.2
5617.380952	1.2
5623.333333	1.2
5629.285714	1.2
5635.238095	1.2
5641.190476	0.8
5647.142857	1.2
5653.095238	1.2
5659.047619	1.2
5665	1.2
5670.952381	1.2
5676.904762	1.2
5682.857143	1.2
5688.809524	1.2
5694.761905	1.2
5700.714286	1.2
5706.666667	1.2
5712.619048	1.2
5718.571429	1.2
5724.52381	1.2
5730.47619	1.2
5736.428571	1.2
5742.380952	1.2
5748.333333	1.2
5754.285714	0.8
5760.238095	1.2
5766.190476	1.2
5772.142857	1.2
5778.095238	1.2
5784.047619	1.2
5790	1.2
5795.952381	1.2
5801.904762	1.2
5807.857143	1.2
5813.809524	1.2
5819.761905	1.2
5825.714286	1.2
5831.666667	1.2
5837.619048	1.2
5843.571429	1.2
5849.52381	1.2
5855.47619	1.2
5861.428571	1.2
5867.380952	1.2
5873.333333	1.2
5879.285714	1.2
5885.238095	1.2
5891.190476	1.2
5897.142857	1.2
5903.095238	1.2
5909.047619	1.2
5915	1.2
5920.952381	1.2
5926.904762	1.2
5932.857143	1.2
5938.809524	1.2
5944.761905	1.6
5950.714286	1.2
5956.666667	1.2
5962.619048	1.2
5968.571429	1.2
5974.52381	1.2
5980.47619	1.2
5986.428571	1.2
5992.380952	1.2
5998.333333	1.2
6004.285714	1.2
6010.238095	1.2
6016.190476	1.2
6022.142857	1.2
6028.095238	1.2
6034.047619	1.2
6040	1.2
6045.952381	1.2
6051.904762	0.8
6057.857143	1.2
6063.809524	1.2
6069.761905	1.2
6075.714286	1.2
6081.666667	0.8
6087.619048	1.2
6093.571429	0.8
6099.52381	1.2
6105.47619	1.2
6111.428571	1.2
6117.380952	0.8
6123.333333	1.2
6129.285714	1.2
6135.238095	1.2
6141.190476	1.2
6147.142857	1.2
6153.095238	1.2
6159.047619	1.2
6165	1.2
6170.952381	1.2
6176.904762	1.2
6182.857143	1.2
6188.809524	1.2
6194.761905	1.2
6200.714286	1.2
6206.666667	1.2
6212.619048	1.2
6218.571429	1.2
6224.52381	1.2
6230.47619	1.2
6236.428571	1.2
6242.380952	1.2
6248.333333	1.2
6254.285714	1.2
6260.238095	1.2
6266.190476	1.2
6272.142857	1.2
6278.095238	1.2
6284.047619	1.2
6290	1.2
6295.952381	1.2
6301.904762	1.2
6307.857143	1.2
6313.809524	1.2
6319.761905	1.2
6325.714286	1.2
6331.666667	0.8
6337.619048	1.2
6343.571429	1.2
6349.52381	1.2
6355.47619	0.8
6361.428571	1.2
6367.380952	1.2
6373.333333	1.2
6379.285714	1.2
6385.238095	1.2
6391.190476	0.8
6397.142857	1.2
6403.095238	1.2
6409.047619	1.2
6415	0.8
6420.952381	1.2
6426.904762	1.2
6432.857143	1.2
6438.809524	0.8
6444.761905	1.2
6450.714286	1.2
6456.666667	1.2
6462.619048	0.8
6468.571429	1.2
6474.52381	1.2
6480.47619	1.2
6486.428571	1.2
6492.380952	1.2
6498.333333	1.2
6504.285714	1.2
6510.238095	1.2
6516.190476	1.2
6522.142857	1.2
6528.095238	0.8
6534.047619	1.2
6540	1.2
6545.952381	1.2
6551.904762	0.8
6557.857143	1.2
6563.809524	1.2
6569.761905	1.2
6575.714286	1.2
6581.666667	1.2
6587.619048	0.8
6593.571429	1.2
6599.52381	1.2
6605.47619	1.2
6611.428571	1.2
6617.380952	0.8
6623.333333	0.8
6629.285714	1.2
6635.238095	0.8
6641.190476	0.8
6647.142857	0.8
6653.095238	1.2
6659.047619	1.2
6665	1.2
6670.952381	1.2
6676.904762	0.8
6682.857143	1.2
6688.809524	1.2
6694.761905	0.8
6700.714286	0.8
6706.666667	1.2
6712.619048	1.2
6718.571429	0.8
6724.52381	1.2
6730.47619	1.2
6736.428571	1.2
6742.380952	1.2
6748.333333	1.2
6754.285714	1.2
6760.238095	1.2
6766.190476	1.2
6772.142857	1.2
6778.095238	1.2
6784.047619	1.2
6790	1.2
6795.952381	1.2
6801.904762	1.2
6807.857143	0.8
6813.809524	1.2
6819.761905	1.2
6825.714286	1.2
6831.666667	1.2
6837.619048	1.2
6843.571429	1.2
6849.52381	1.2
6855.47619	0.8
6861.428571	1.2
6867.380952	1.2
6873.333333	1.2
6879.285714	1.2
6885.238095	1.2
6891.190476	1.2
6897.142857	1.2
6903.095238	1.2
6909.047619	1.2
6915	1.2
6920.952381	0.8
6926.904762	1.2
6932.857143	1.2
6938.809524	1.2
6944.761905	0.8
6950.714286	1.2
6956.666667	1.2
6962.619048	1.2
6968.571429	0.8
6974.52381	0.8
6980.47619	1.2
6986.428571	1.2
6992.380952	1.2
6998.333333	1.2
7004.285714	1.2
7010.238095	1.2
7016.190476	0.8
7022.142857	0.8
7028.095238	1.2
7034.047619	0.8
7040	1.2
7045.952381	1.2
7051.904762	1.2
7057.857143	1.2
7063.809524	1.2
7069.761905	1.2
7075.714286	0.8
7081.666667	1.2
7087.619048	1.2
7093.571429	1.2
7099.52381	0.8
7105.47619	0.8
7111.428571	0.8
7117.380952	1.2
7123.333333	1.2
7129.285714	0.8
7135.238095	0.8
7141.190476	1.2
7147.142857	1.2
7153.095238	1.2
7159.047619	0.8
7165	0.8
7170.952381	0.8
7176.904762	1.2
7182.857143	1.2
7188.809524	0.8
7194.761905	1.2
7200.714286	0.8
7206.666667	1.2
7212.619048	0.8
7218.571429	1.2
7224.52381	1.2
7230.47619	0.8
7236.428571	0.8
7242.380952	0.8
7248.333333	1.2
7254.285714	1.2
7260.238095	0.8
7266.190476	1.2
7272.142857	0.8
7278.095238	1.2
7284.047619	0.8
7290	1.2
7295.952381	1.2
7301.904762	1.2
7307.857143	1.2
7313.809524	0.8
7319.761905	1.2
7325.714286	0.8
7331.666667	1.2
7337.619048	0.8
7343.571429	1.2
7349.52381	0.8
7355.47619	1.2
7361.428571	0.8
7367.380952	0.8
7373.333333	0.8
7379.285714	1.2
7385.238095	0.8
7391.190476	0.8
7397.142857	1.2
7403.095238	1.2
7409.047619	0.8
7415	0.8
7420.952381	0.8
7426.904762	1.2
7432.857143	1.2
7438.809524	1.2
7444.761905	1.2
7450.714286	0.8
7456.666667	1.2
7462.619048	1.2
7468.571429	0.8
7474.52381	0.8
7480.47619	1.2
7486.428571	1.2
7492.380952	0.8
7498.333333	0.8
7504.285714	1.2
7510.238095	0.8
7516.190476	0.8
7522.142857	0.8
7528.095238	0.8
7534.047619	0.8
7540	0.8
7545.952381	1.2
7551.904762	1.2
7557.857143	0.8
7563.809524	1.2
7569.761905	0.8
7575.714286	0.8
7581.666667	0.8
7587.619048	1.2
7593.571429	0.8
7599.52381	0.8
7605.47619	1.2
7611.428571	0.8
7617.380952	0.8
7623.333333	0.8
7629.285714	1.2
7635.238095	1.2
7641.190476	0.8
7647.142857	0.8
7653.095238	0.8
7659.047619	0.8
7665	0.8
7670.952381	1.2
7676.904762	1.2
7682.857143	0.8
7688.809524	0.8
7694.761905	1.2
7700.714286	1.2
7706.666667	1.2
7712.619048	0.8
7718.571429	0.8
7724.52381	0.8
7730.47619	0.8
7736.428571	0.8
7742.380952	0.8
7748.333333	0.8
7754.285714	0.8
7760.238095	1.2
7766.190476	1.2
7772.142857	0.8
7778.095238	1.2
7784.047619	0.8
7790	1.2
7795.952381	0.8
7801.904762	0.8
7807.857143	1.2
7813.809524	0.8
7819.761905	0.8
7825.714286	0.8
7831.666667	0.8
7837.619048	0.8
7843.571429	0.8
7849.52381	0.8
7855.47619	1.2
7861.428571	0.8
7867.380952	0.8
7873.333333	0.8
7879.285714	0.8
7885.238095	1.2
7891.190476	0.8
7897.142857	1.2
7903.095238	0.8
7909.047619	1.2
7915	1.2
7920.952381	0.8
7926.904762	0.8
7932.857143	1.2
7938.809524	1.2
7944.761905	0.8
7950.714286	1.2
7956.666667	0.8
7962.619048	1.2
7968.571429	0.8
7974.52381	1.2
7980.47619	1.2
7986.428571	0.8
7992.380952	0.8
7998.333333	1.2
8004.285714	1.2
8010.238095	0.8
8016.190476	0.8
8022.142857	0.8
8028.095238	0.8
8034.047619	0.8
8040	1.2
8045.952381	1.2
8051.904762	0.8
8057.857143	1.2
8063.809524	0.8
8069.761905	0.8
8075.714286	0.8
8081.666667	0.8
8087.619048	0.8
8093.571429	0.8
8099.52381	1.2
8105.47619	0.8
8111.428571	1.2
8117.380952	1.2
8123.333333	0.8
8129.285714	1.2
8135.238095	1.2
8141.190476	0.8
8147.142857	0.8
8153.095238	0.8
8159.047619	0.8
8165	1.2
8170.952381	1.2
8176.904762	0.8
8182.857143	1.2
8188.809524	0.8
8194.761905	0.8
8200.714286	0.8
8206.666667	0.8
8212.619048	1.2
8218.571429	1.2
8224.52381	0.8
8230.47619	0.8
8236.428571	1.2
8242.380952	0.8
8248.333333	0.8
8254.285714	1.2
8260.238095	1.2
8266.190476	0.8
8272.142857	0.8
8278.095238	1.2
8284.047619	1.2
8290	0.8
8295.952381	1.2
8301.904762	0.8
8307.857143	0.8
8313.809524	1.2
8319.761905	1.2
8325.714286	1.2
8331.666667	1.2
8337.619048	0.8
8343.571429	0.8
8349.52381	1.2
8355.47619	0.8
8361.428571	0.8
8367.380952	1.2
8373.333333	1.2
8379.285714	0.8
8385.238095	1.2
8391.190476	0.8
8397.142857	1.2
8403.095238	0.8
8409.047619	0.8
8415	1.2
8420.952381	0.8
8426.904762	0.8
8432.857143	0.8
8438.809524	0.8
8444.761905	1.2
8450.714286	1.2
8456.666667	0.8
8462.619048	1.2
8468.571429	0.8
8474.52381	1.2
8480.47619	0.8
8486.428571	1.2
8492.380952	1.2
8498.333333	1.2
8504.285714	0.8
8510.238095	1.2
8516.190476	0.8
8522.142857	0.8
8528.095238	0.8
8534.047619	1.2
8540	1.2
8545.952381	1.2
8551.904762	1.2
8557.857143	1.2
8563.809524	0.8
8569.761905	1.2
8575.714286	1.2
8581.666667	1.2
8587.619048	1.2
8593.571429	1.2
8599.52381	1.2
8605.47619	1.2
8611.428571	0.8
8617.380952	0.8
8623.333333	0.8
8629.285714	1.2
8635.238095	0.8
8641.190476	1.2
8647.142857	1.2
8653.095238	0.8
8659.047619	1.2
8665	0.8
8670.952381	0.8
8676.904762	1.2
8682.857143	0.8
8688.809524	1.2
8694.761905	1.2
8700.714286	1.2
8706.666667	0.8
8712.619048	1.2
8718.571429	1.2
8724.52381	0.8
8730.47619	0.8
8736.428571	1.2
8742.380952	1.2
8748.333333	1.2
8754.285714	1.2
8760.238095	0.8
8766.190476	1.2
8772.142857	1.2
8778.095238	1.2
8784.047619	1.2
8790	1.2
8795.952381	0.8
8801.904762	1.2
8807.857143	1.2
8813.809524	0.8
8819.761905	1.2
8825.714286	0.8
8831.666667	0.8
8837.619048	0.8
8843.571429	0.8
8849.52381	0.8
8855.47619	1.2
8861.428571	0.8
8867.380952	1.2
8873.333333	1.2
8879.285714	1.2
8885.238095	1.2
8891.190476	1.2
8897.142857	0.8
8903.095238	0.8
8909.047619	1.2
8915	0.8
8920.952381	1.2
8926.904762	1.2
8932.857143	1.2
8938.809524	1.2
8944.761905	0.8
8950.714286	0.8
8956.666667	0.8
8962.619048	1.2
8968.571429	1.2
8974.52381	0.8
