-5900.47619	-3.2
-5894.52381	-2.8
-5888.571429	-3.2
-5882.619048	-3.2
-5876.666667	-2.8
-5870.714286	-3.2
-5864.761905	-2.8
-5858.809524	-3.2
-5852.857143	-2.8
-5846.904762	-3.2
-5840.952381	-2.8
-5835	-2.8
-5829.047619	-3.2
-5823.095238	-3.2
-5817.142857	-2.8
-5811.190476	-2.8
-5805.238095	-2.8
-5799.285714	-2.8
-5793.333333	-2.8
-5787.380952	-3.2
-5781.428571	-2.8
-5775.47619	-3.2
-5769.52381	-2.8
-5763.571429	-2.8
-5757.619048	-3.2
-5751.666667	-3.2
-5745.714286	-2.8
-5739.761905	-3.2
-5733.809524	-2.8
-5727.857143	-2.8
-5721.904762	-3.2
-5715.952381	-2.8
-5710	-2.8
-5704.047619	-2.8
-5698.095238	-2.8
-5692.142857	-3.2
-5686.190476	-3.2
-5680.238095	-3.2
-5674.285714	-3.2
-5668.333333	-2.8
-5662.380952	-2.8
-5656.428571	-3.2
-5650.47619	-3.2
-5644.52381	-2.8
-5638.571429	-2.8
-5632.619048	-3.2
-5626.666667	-2.8
-5620.714286	-2.8
-5614.761905	-2.8
-5608.809524	-2.8
-5602.857143	-2.8
-5596.904762	-2.8
-5590.952381	-2.8
-5585	-2.8
-5579.047619	-3.2
-5573.095238	-2.8
-5567.142857	-2.8
-5561.190476	-2.8
-5555.238095	-2.8
-5549.285714	-2.8
-5543.333333	-2.8
-5537.380952	-3.2
-5531.428571	-2.8
-5525.47619	-3.2
-5519.52381	-3.2
-5513.571429	-2.8
-5507.619048	-2.8
-5501.666667	-2.8
-5495.714286	-3.2
-5489.761905	-2.8
-5483.809524	-3.2
-5477.857143	-3.2
-5471.904762	-2.8
-5465.952381	-2.8
-5460	-3.2
-5454.047619	-3.2
-5448.095238	-2.8
-5442.142857	-2.8
-5436.190476	-2.8
-5430.238095	-2.8
-5424.285714	-2.8
-5418.333333	-2.8
-5412.380952	-3.2
-5406.428571	-2.8
-5400.47619	-3.2
-5394.52381	-2.8
-5388.571429	-2.8
-5382.619048	-3.2
-5376.666667	-2.8
-5370.714286	-2.8
-5364.761905	-2.8
-5358.809524	-2.8
-5352.857143	-2.8
-5346.904762	-2.8
-5340.952381	-2.8
-5335	-2.8
-5329.047619	-2.8
-5323.095238	-3.2
-5317.142857	-2.8
-5311.190476	-2.8
-5305.238095	-2.8
-5299.285714	-2.8
-5293.333333	-3.2
-5287.380952	-2.8
-5281.428571	-2.8
-5275.47619	-3.2
-5269.52381	-3.2
-5263.571429	-3.2
-5257.619048	-3.2
-5251.666667	-3.2
-5245.714286	-3.2
-5239.761905	-3.2
-5233.809524	-3.2
-5227.857143	-2.8
-5221.904762	-2.8
-5215.952381	-3.2
-5210	-2.8
-5204.047619	-2.8
-5198.095238	-2.8
-5192.142857	-3.2
-5186.190476	-2.8
-5180.238095	-3.2
-5174.285714	-3.2
-5168.333333	-2.8
-5162.380952	-2.8
-5156.428571	-3.2
-5150.47619	-2.8
-5144.52381	-3.2
-5138.571429	-3.2
-5132.619048	-2.8
-5126.666667	-2.8
-5120.714286	-2.8
-5114.761905	-2.8
-5108.809524	-2.8
-5102.857143	-3.2
-5096.904762	-2.8
-5090.952381	-2.8
-5085	-3.2
-5079.047619	-2.8
-5073.095238	-3.2
-5067.142857	-3.2
-5061.190476	-2.8
-5055.238095	-2.8
-5049.285714	-3.2
-5043.333333	-3.2
-5037.380952	-2.8
-5031.428571	-3.2
-5025.47619	-3.2
-5019.52381	-2.8
-5013.571429	-2.8
-5007.619048	-2.8
-5001.666667	-3.2
-4995.714286	-3.2
-4989.761905	-2.8
-4983.809524	-3.2
-4977.857143	-2.8
-4971.904762	-3.2
-4965.952381	-3.2
-4960	-2.8
-4954.047619	-2.8
-4948.095238	-2.8
-4942.142857	-2.8
-4936.190476	-2.8
-4930.238095	-2.8
-4924.285714	-3.2
-4918.333333	-2.8
-4912.380952	-2.8
-4906.428571	-2.8
-4900.47619	-2.8
-4894.52381	-2.8
-4888.571429	-2.8
-4882.619048	-3.2
-4876.666667	-3.2
-4870.714286	-3.2
-4864.761905	-3.2
-4858.809524	-2.8
-4852.857143	-2.8
-4846.904762	-2.8
-4840.952381	-2.8
-4835	-2.8
-4829.047619	-2.8
-4823.095238	-2.8
-4817.142857	-2.8
-4811.190476	-2.8
-4805.238095	-3.2
-4799.285714	-2.8
-4793.333333	-2.8
-4787.380952	-3.2
-4781.428571	-3.2
-4775.47619	-3.2
-4769.52381	-2.8
-4763.571429	-2.8
-4757.619048	-3.2
-4751.666667	-2.8
-4745.714286	-2.8
-4739.761905	-2.8
-4733.809524	-3.2
-4727.857143	-2.8
-4721.904762	-3.2
-4715.952381	-3.2
-4710	-3.2
-4704.047619	-2.8
-4698.095238	-2.8
-4692.142857	-2.8
-4686.190476	-2.8
-4680.238095	-2.8
-4674.285714	-2.8
-4668.333333	-2.8
-4662.380952	-3.2
-4656.428571	-2.8
-4650.47619	-2.8
-4644.52381	-3.2
-4638.571429	-3.2
-4632.619048	-2.8
-4626.666667	-3.2
-4620.714286	-3.2
-4614.761905	-2.8
-4608.809524	-3.2
-4602.857143	-2.8
-4596.904762	-3.2
-4590.952381	-2.8
-4585	-2.8
-4579.047619	-2.8
-4573.095238	-3.2
-4567.142857	-3.2
-4561.190476	-3.2
-4555.238095	-3.2
-4549.285714	-2.8
-4543.333333	-3.2
-4537.380952	-3.2
-4531.428571	-2.8
-4525.47619	-3.2
-4519.52381	-2.8
-4513.571429	-2.8
-4507.619048	-2.8
-4501.666667	-2.8
-4495.714286	-3.2
-4489.761905	-2.8
-4483.809524	-3.2
-4477.857143	-2.8
-4471.904762	-2.8
-4465.952381	-2.8
-4460	-2.8
-4454.047619	-3.2
-4448.095238	-3.2
-4442.142857	-3.2
-4436.190476	-3.2
-4430.238095	-2.8
-4424.285714	-3.2
-4418.333333	-2.8
-4412.380952	-2.8
-4406.428571	-2.8
-4400.47619	-3.2
-4394.52381	-3.2
-4388.571429	-3.2
-4382.619048	-3.2
-4376.666667	-3.2
-4370.714286	-2.8
-4364.761905	-3.2
-4358.809524	-2.8
-4352.857143	-3.2
-4346.904762	-3.2
-4340.952381	-2.8
-4335	-2.8
-4329.047619	-2.8
-4323.095238	-2.8
-4317.142857	-2.8
-4311.190476	-3.2
-4305.238095	-3.2
-4299.285714	-3.2
-4293.333333	-2.8
-4287.380952	-3.2
-4281.428571	-3.2
-4275.47619	-3.2
-4269.52381	-2.8
-4263.571429	-2.8
-4257.619048	-3.2
-4251.666667	-3.2
-4245.714286	-3.2
-4239.761905	-2.8
-4233.809524	-3.2
-4227.857143	-3.2
-4221.904762	-2.8
-4215.952381	-3.2
-4210	-2.8
-4204.047619	-3.2
-4198.095238	-3.2
-4192.142857	-2.8
-4186.190476	-3.2
-4180.238095	-3.2
-4174.285714	-3.2
-4168.333333	-3.2
-4162.380952	-3.2
-4156.428571	-3.2
-4150.47619	-3.2
-4144.52381	-3.2
-4138.571429	-3.2
-4132.619048	-3.2
-4126.666667	-3.2
-4120.714286	-3.2
-4114.761905	-3.2
-4108.809524	-3.2
-4102.857143	-3.2
-4096.904762	-3.2
-4090.952381	-3.2
-4085	-2.8
-4079.047619	-3.2
-4073.095238	-3.2
-4067.142857	-3.2
-4061.190476	-3.2
-4055.238095	-3.2
-4049.285714	-3.2
-4043.333333	-3.2
-4037.380952	-3.2
-4031.428571	-3.2
-4025.47619	-3.2
-4019.52381	-3.2
-4013.571429	-3.2
-4007.619048	-3.2
-4001.666667	-3.2
-3995.714286	-3.2
-3989.761905	-3.2
-3983.809524	-3.2
-3977.857143	-3.2
-3971.904762	-3.6
-3965.952381	-3.2
-3960	-3.2
-3954.047619	-3.2
-3948.095238	-3.2
-3942.142857	-3.2
-3936.190476	-3.2
-3930.238095	-3.2
-3924.285714	-3.2
-3918.333333	-3.2
-3912.380952	-3.2
-3906.428571	-3.2
-3900.47619	-3.2
-3894.52381	-3.2
-3888.571429	-3.2
-3882.619048	-3.2
-3876.666667	-3.6
-3870.714286	-3.2
-3864.761905	-3.2
-3858.809524	-3.6
-3852.857143	-3.2
-3846.904762	-3.2
-3840.952381	-3.6
-3835	-3.2
-3829.047619	-3.2
-3823.095238	-3.6
-3817.142857	-3.2
-3811.190476	-3.2
-3805.238095	-3.2
-3799.285714	-3.2
-3793.333333	-3.6
-3787.380952	-3.2
-3781.428571	-3.6
-3775.47619	-3.2
-3769.52381	-3.6
-3763.571429	-3.2
-3757.619048	-3.2
-3751.666667	-3.6
-3745.714286	-3.6
-3739.761905	-3.6
-3733.809524	-3.6
-3727.857143	-3.6
-3721.904762	-3.6
-3715.952381	-3.2
-3710	-3.2
-3704.047619	-3.2
-3698.095238	-3.6
-3692.142857	-3.6
-3686.190476	-3.6
-3680.238095	-3.6
-3674.285714	-3.6
-3668.333333	-3.6
-3662.380952	-4
-3656.428571	-3.6
-3650.47619	-3.6
-3644.52381	-3.2
-3638.571429	-3.6
-3632.619048	-3.6
-3626.666667	-3.6
-3620.714286	-3.6
-3614.761905	-3.6
-3608.809524	-3.6
-3602.857143	-3.6
-3596.904762	-3.6
-3590.952381	-3.6
-3585	-3.6
-3579.047619	-3.6
-3573.095238	-3.6
-3567.142857	-3.6
-3561.190476	-3.6
-3555.238095	-3.6
-3549.285714	-3.6
-3543.333333	-3.6
-3537.380952	-3.6
-3531.428571	-3.6
-3525.47619	-3.6
-3519.52381	-3.6
-3513.571429	-4
-3507.619048	-3.6
-3501.666667	-3.6
-3495.714286	-3.6
-3489.761905	-3.6
-3483.809524	-4
-3477.857143	-4
-3471.904762	-4
-3465.952381	-4
-3460	-3.6
-3454.047619	-4
-3448.095238	-3.6
-3442.142857	-4
-3436.190476	-3.6
-3430.238095	-4
-3424.285714	-3.6
-3418.333333	-4
-3412.380952	-4
-3406.428571	-3.6
-3400.47619	-3.6
-3394.52381	-4
-3388.571429	-3.6
-3382.619048	-3.6
-3376.666667	-4
-3370.714286	-4
-3364.761905	-4
-3358.809524	-4
-3352.857143	-4
-3346.904762	-4
-3340.952381	-4
-3335	-4
-3329.047619	-4
-3323.095238	-4
-3317.142857	-4
-3311.190476	-4
-3305.238095	-4
-3299.285714	-4
-3293.333333	-4
-3287.380952	-4
-3281.428571	-4
-3275.47619	-4
-3269.52381	-4
-3263.571429	-4
-3257.619048	-4
-3251.666667	-4
-3245.714286	-4.4
-3239.761905	-4
-3233.809524	-4
-3227.857143	-4
-3221.904762	-4
-3215.952381	-4
-3210	-4.4
-3204.047619	-4
-3198.095238	-4
-3192.142857	-4
-3186.190476	-4
-3180.238095	-4
-3174.285714	-4
-3168.333333	-4.4
-3162.380952	-4
-3156.428571	-4.4
-3150.47619	-4
-3144.52381	-4
-3138.571429	-4.4
-3132.619048	-4.4
-3126.666667	-4.4
-3120.714286	-4
-3114.761905	-4.4
-3108.809524	-4.4
-3102.857143	-4
-3096.904762	-4.4
-3090.952381	-4
-3085	-4.4
-3079.047619	-4.4
-3073.095238	-4.4
-3067.142857	-4.4
-3061.190476	-4.4
-3055.238095	-4.8
-3049.285714	-4.4
-3043.333333	-4.4
-3037.380952	-4.4
-3031.428571	-4.4
-3025.47619	-4.8
-3019.52381	-4.4
-3013.571429	-4.4
-3007.619048	-4.4
-3001.666667	-4.4
-2995.714286	-4.4
-2989.761905	-4.4
-2983.809524	-4.4
-2977.857143	-4.8
-2971.904762	-4.4
-2965.952381	-4.4
-2960	-4.4
-2954.047619	-4.4
-2948.095238	-4.8
-2942.142857	-4.8
-2936.190476	-4.8
-2930.238095	-4.8
-2924.285714	-4.8
-2918.333333	-4.8
-2912.380952	-4.8
-2906.428571	-4.8
-2900.47619	-4.8
-2894.52381	-4.8
-2888.571429	-4.8
-2882.619048	-4.8
-2876.666667	-4.8
-2870.714286	-4.8
-2864.761905	-4.8
-2858.809524	-4.8
-2852.857143	-4.8
-2846.904762	-4.8
-2840.952381	-4.8
-2835	-4.8
-2829.047619	-4.8
-2823.095238	-4.8
-2817.142857	-4.8
-2811.190476	-4.8
-2805.238095	-4.8
-2799.285714	-5.2
-2793.333333	-4.8
-2787.380952	-4.8
-2781.428571	-4.8
-2775.47619	-4.8
-2769.52381	-4.8
-2763.571429	-5.2
-2757.619048	-5.2
-2751.666667	-5.2
-2745.714286	-5.2
-2739.761905	-5.2
-2733.809524	-5.2
-2727.857143	-5.2
-2721.904762	-5.2
-2715.952381	-5.2
-2710	-5.2
-2704.047619	-5.2
-2698.095238	-5.2
-2692.142857	-5.2
-2686.190476	-5.6
-2680.238095	-5.2
-2674.285714	-5.2
-2668.333333	-5.6
-2662.380952	-5.2
-2656.428571	-5.6
-2650.47619	-5.6
-2644.52381	-5.6
-2638.571429	-5.2
-2632.619048	-5.6
-2626.666667	-5.6
-2620.714286	-5.6
-2614.761905	-5.6
-2608.809524	-5.6
-2602.857143	-5.6
-2596.904762	-5.6
-2590.952381	-5.6
-2585	-5.6
-2579.047619	-5.6
-2573.095238	-5.6
-2567.142857	-5.6
-2561.190476	-5.6
-2555.238095	-5.6
-2549.285714	-6
-2543.333333	-6
-2537.380952	-6
-2531.428571	-6
-2525.47619	-6
-2519.52381	-6
-2513.571429	-6
-2507.619048	-6
-2501.666667	-6
-2495.714286	-6
-2489.761905	-6
-2483.809524	-6
-2477.857143	-6
-2471.904762	-6
-2465.952381	-6
-2460	-6
-2454.047619	-6
-2448.095238	-6
-2442.142857	-6
-2436.190476	-6
-2430.238095	-6.4
-2424.285714	-6.4
-2418.333333	-6.4
-2412.380952	-6.4
-2406.428571	-6.4
-2400.47619	-6.4
-2394.52381	-6.4
-2388.571429	-6.4
-2382.619048	-6.4
-2376.666667	-6.4
-2370.714286	-6.4
-2364.761905	-6.4
-2358.809524	-6.8
-2352.857143	-6.4
-2346.904762	-6.4
-2340.952381	-6.8
-2335	-6.4
-2329.047619	-6.8
-2323.095238	-6.8
-2317.142857	-6.8
-2311.190476	-6.8
-2305.238095	-6.8
-2299.285714	-7.2
-2293.333333	-6.8
-2287.380952	-6.8
-2281.428571	-6.8
-2275.47619	-6.8
-2269.52381	-6.8
-2263.571429	-7.2
-2257.619048	-7.2
-2251.666667	-7.2
-2245.714286	-7.2
-2239.761905	-7.2
-2233.809524	-7.2
-2227.857143	-7.2
-2221.904762	-7.2
-2215.952381	-7.2
-2210	-7.2
-2204.047619	-7.2
-2198.095238	-7.6
-2192.142857	-7.2
-2186.190476	-7.2
-2180.238095	-7.2
-2174.285714	-7.2
-2168.333333	-7.2
-2162.380952	-7.2
-2156.428571	-7.2
-2150.47619	-7.6
-2144.52381	-7.2
-2138.571429	-7.2
-2132.619048	-7.2
-2126.666667	-7.6
-2120.714286	-7.6
-2114.761905	-7.6
-2108.809524	-7.6
-2102.857143	-7.6
-2096.904762	-7.6
-2090.952381	-7.6
-2085	-7.6
-2079.047619	-7.6
-2073.095238	-8
-2067.142857	-7.6
-2061.190476	-7.6
-2055.238095	-8
-2049.285714	-8
-2043.333333	-8
-2037.380952	-7.6
-2031.428571	-8
-2025.47619	-8
-2019.52381	-8
-2013.571429	-8
-2007.619048	-8
-2001.666667	-8
-1995.714286	-8
-1989.761905	-8
-1983.809524	-7.6
-1977.857143	-8
-1971.904762	-8
-1965.952381	-8
-1960	-8
-1954.047619	-8
-1948.095238	-8
-1942.142857	-8
-1936.190476	-8.4
-1930.238095	-8
-1924.285714	-8
-1918.333333	-8
-1912.380952	-8
-1906.428571	-8
-1900.47619	-8
-1894.52381	-8
-1888.571429	-8
-1882.619048	-8
-1876.666667	-8
-1870.714286	-8
-1864.761905	-8
-1858.809524	-8
-1852.857143	-8
-1846.904762	-8
-1840.952381	-8
-1835	-8
-1829.047619	-8
-1823.095238	-8
-1817.142857	-8
-1811.190476	-8
-1805.238095	-7.6
-1799.285714	-8
-1793.333333	-8
-1787.380952	-8
-1781.428571	-7.6
-1775.47619	-7.6
-1769.52381	-7.6
-1763.571429	-7.6
-1757.619048	-7.6
-1751.666667	-7.6
-1745.714286	-7.6
-1739.761905	-7.6
-1733.809524	-7.6
-1727.857143	-7.6
-1721.904762	-7.2
-1715.952381	-7.6
-1710	-7.2
-1704.047619	-7.2
-1698.095238	-7.2
-1692.142857	-7.2
-1686.190476	-7.2
-1680.238095	-6.8
-1674.285714	-6.8
-1668.333333	-6.8
-1662.380952	-6.8
-1656.428571	-6.8
-1650.47619	-6.4
-1644.52381	-6.4
-1638.571429	-6
-1632.619048	-6.4
-1626.666667	-6.4
-1620.714286	-6
-1614.761905	-6
-1608.809524	-6
-1602.857143	-6
-1596.904762	-6
-1590.952381	-5.6
-1585	-5.6
-1579.047619	-5.6
-1573.095238	-5.6
-1567.142857	-5.2
-1561.190476	-4.8
-1555.238095	-4.8
-1549.285714	-4.8
-1543.333333	-4.8
-1537.380952	-4.8
-1531.428571	-4.4
-1525.47619	-4.4
-1519.52381	-4.4
-1513.571429	-4
-1507.619048	-4
-1501.666667	-3.6
-1495.714286	-3.6
-1489.761905	-3.6
-1483.809524	-3.2
-1477.857143	-3.2
-1471.904762	-2.8
-1465.952381	-2.8
-1460	-2.4
-1454.047619	-2.4
-1448.095238	-2
-1442.142857	-2
-1436.190476	-1.6
-1430.238095	-1.2
-1424.285714	-1.2
-1418.333333	-0.8
-1412.380952	-0.8
-1406.428571	-0.8
-1400.47619	-0.4
-1394.52381	-0.4
-1388.571429	0
-1382.619048	0
-1376.666667	0.4
-1370.714286	0.8
-1364.761905	0.8
-1358.809524	1.2
-1352.857143	1.2
-1346.904762	1.6
-1340.952381	1.6
-1335	2
-1329.047619	2.4
-1323.095238	2.4
-1317.142857	3.2
-1311.190476	3.2
-1305.238095	3.6
-1299.285714	3.6
-1293.333333	4
-1287.380952	4
-1281.428571	4.4
-1275.47619	4.8
-1269.52381	5.2
-1263.571429	5.2
-1257.619048	5.6
-1251.666667	5.6
-1245.714286	6.4
-1239.761905	6.4
-1233.809524	7.2
-1227.857143	7.2
-1221.904762	7.6
-1215.952381	8
-1210	8
-1204.047619	8.4
-1198.095238	8.8
-1192.142857	9.2
-1186.190476	9.6
-1180.238095	9.6
-1174.285714	10
-1168.333333	10.4
-1162.380952	10.8
-1156.428571	11.2
-1150.47619	11.2
-1144.52381	11.6
-1138.571429	12
-1132.619048	12.4
-1126.666667	12.8
-1120.714286	13.2
-1114.761905	13.6
-1108.809524	14
-1102.857143	14.4
-1096.904762	14.8
-1090.952381	14.8
-1085	15.2
-1079.047619	16
-1073.095238	16
-1067.142857	16.4
-1061.190476	16.8
-1055.238095	16.8
-1049.285714	17.6
-1043.333333	17.6
-1037.380952	18
-1031.428571	18
-1025.47619	18.4
-1019.52381	18.8
-1013.571429	19.6
-1007.619048	19.6
-1001.666667	20
-995.7142857	20.4
-989.7619048	20.4
-983.8095238	20.8
-977.8571429	21.2
-971.9047619	21.6
-965.952381	22
-960	22.4
-954.047619	22.8
-948.0952381	23.2
-942.1428571	23.2
-936.1904762	23.6
-930.2380952	24
-924.2857143	24
-918.3333333	24.8
-912.3809524	24.8
-906.4285714	25.2
-900.4761905	25.6
-894.5238095	25.6
-888.5714286	26.4
-882.6190476	26.4
-876.6666667	26.8
-870.7142857	26.8
-864.7619048	27.2
-858.8095238	27.6
-852.8571429	27.6
-846.9047619	28.4
-840.952381	28.4
-835	28.8
-829.047619	28.8
-823.0952381	29.2
-817.1428571	29.2
-811.1904762	29.6
-805.2380952	30
-799.2857143	30
-793.3333333	30.4
-787.3809524	30.4
-781.4285714	30.8
-775.4761905	30.8
-769.5238095	31.2
-763.5714286	31.6
-757.6190476	31.6
-751.6666667	31.6
-745.7142857	32
-739.7619048	32
-733.8095238	32.4
-727.8571429	32.4
-721.9047619	32.8
-715.952381	32.8
-710	32.8
-704.047619	33.2
-698.0952381	33.2
-692.1428571	33.6
-686.1904762	33.6
-680.2380952	33.6
-674.2857143	33.6
-668.3333333	33.6
-662.3809524	34
-656.4285714	34
-650.4761905	34
-644.5238095	34
-638.5714286	34.4
-632.6190476	34
-626.6666667	34.4
-620.7142857	34.4
-614.7619048	34.4
-608.8095238	34.4
-602.8571429	34.4
-596.9047619	34.4
-590.952381	34.4
-585	34.4
-579.047619	34.4
-573.0952381	34.8
-567.1428571	34.4
-561.1904762	34.4
-555.2380952	34.4
-549.2857143	34
-543.3333333	34.4
-537.3809524	34.4
-531.4285714	34
-525.4761905	34
-519.5238095	34
-513.5714286	34
-507.6190476	33.6
-501.6666667	34
-495.7142857	33.6
-489.7619048	33.6
-483.8095238	33.6
-477.8571429	33.2
-471.9047619	33.2
-465.952381	33.2
-460	32.8
-454.047619	32.8
-448.0952381	32.8
-442.1428571	32
-436.1904762	32
-430.2380952	32
-424.2857143	31.6
-418.3333333	31.6
-412.3809524	31.2
-406.4285714	31.2
-400.4761905	31.2
-394.5238095	30.8
-388.5714286	30.8
-382.6190476	30.4
-376.6666667	30.4
-370.7142857	30
-364.7619048	29.6
-358.8095238	29.2
-352.8571429	29.2
-346.9047619	29.2
-340.952381	28.4
-335	28
-329.047619	28
-323.0952381	28
-317.1428571	27.6
-311.1904762	27.2
-305.2380952	26.8
-299.2857143	26.4
-293.3333333	26
-287.3809524	25.6
-281.4285714	25.6
-275.4761905	25.2
-269.5238095	24.8
-263.5714286	24.4
-257.6190476	24
-251.6666667	23.6
-245.7142857	23.2
-239.7619048	22.8
-233.8095238	22.4
-227.8571429	22.4
-221.9047619	21.6
-215.952381	21.6
-210	21.2
-204.047619	20.8
-198.0952381	20
-192.1428571	19.6
-186.1904762	19.2
-180.2380952	18.8
-174.2857143	18.4
-168.3333333	18
-162.3809524	18
-156.4285714	17.6
-150.4761905	17.2
-144.5238095	16.4
-138.5714286	16
-132.6190476	15.6
-126.6666667	15.2
-120.7142857	14.8
-114.7619048	14
-108.8095238	13.6
-102.8571429	13.6
-96.9047619	12.8
-90.95238095	12.4
-85	12
-79.04761905	11.2
-73.0952381	11.2
-67.14285714	10.4
-61.19047619	10.4
-55.23809524	9.6
-49.28571429	9.2
-43.33333333	8.4
-37.38095238	8
-31.42857143	7.6
-25.47619048	7.2
-19.52380952	6.8
-13.57142857	6.4
-7.619047619	5.6
-1.666666667	5.2
4.285714286	4.8
10.23809524	4.4
16.19047619	4
22.14285714	3.2
28.0952381	3.2
34.04761905	2.4
40	2
45.95238095	1.6
51.9047619	0.8
57.85714286	0
63.80952381	-0.4
69.76190476	-0.8
75.71428571	-1.2
81.66666667	-2
87.61904762	-2.4
93.57142857	-2.4
99.52380952	-3.2
105.4761905	-3.6
111.4285714	-4.4
117.3809524	-4.8
123.3333333	-5.2
129.2857143	-5.6
135.2380952	-6.4
141.1904762	-6.8
147.1428571	-7.2
153.0952381	-7.6
159.047619	-8.4
165	-8.8
170.952381	-9.6
176.9047619	-9.6
182.8571429	-10
188.8095238	-10.8
194.7619048	-11.2
200.7142857	-12
206.6666667	-12.4
212.6190476	-12.8
218.5714286	-13.2
224.5238095	-13.6
230.4761905	-14
236.4285714	-14.8
242.3809524	-15.2
248.3333333	-15.6
254.2857143	-16
260.2380952	-16.4
266.1904762	-16.8
272.1428571	-17.2
278.0952381	-18
284.047619	-18.4
290	-18.4
295.952381	-19.2
301.9047619	-19.6
307.8571429	-20
313.8095238	-20.4
319.7619048	-20.8
325.7142857	-21.2
331.6666667	-21.6
337.6190476	-21.6
343.5714286	-22.4
349.5238095	-22.8
355.4761905	-23.2
361.4285714	-23.6
367.3809524	-23.6
373.3333333	-24.4
379.2857143	-24.4
385.2380952	-24.8
391.1904762	-25.2
397.1428571	-25.6
403.0952381	-26
409.047619	-26.4
415	-26.8
420.952381	-26.8
426.9047619	-27.2
432.8571429	-27.6
438.8095238	-28
444.7619048	-28
450.7142857	-28.4
456.6666667	-29.2
462.6190476	-29.2
468.5714286	-29.2
474.5238095	-29.6
480.4761905	-30
486.4285714	-30.4
492.3809524	-30.4
498.3333333	-30.8
504.2857143	-30.8
510.2380952	-31.2
516.1904762	-31.6
522.1428571	-32
528.0952381	-32
534.047619	-32.4
540	-32.4
545.952381	-32.8
551.9047619	-32.8
557.8571429	-33.2
563.8095238	-33.6
569.7619048	-33.6
575.7142857	-33.6
581.6666667	-33.6
587.6190476	-34
593.5714286	-34
599.5238095	-34.4
605.4761905	-34.4
611.4285714	-34.4
617.3809524	-34.8
623.3333333	-34.8
629.2857143	-35.2
635.2380952	-35.2
641.1904762	-35.2
647.1428571	-35.2
653.0952381	-35.6
659.047619	-35.6
665	-35.6
670.952381	-35.6
676.9047619	-35.6
682.8571429	-36
688.8095238	-35.6
694.7619048	-36
700.7142857	-36
706.6666667	-36
712.6190476	-36
718.5714286	-36
724.5238095	-36
730.4761905	-36.4
736.4285714	-36.4
742.3809524	-36.4
748.3333333	-36.4
754.2857143	-36.4
760.2380952	-36.4
766.1904762	-36.4
772.1428571	-36.4
778.0952381	-36.4
784.047619	-36.4
790	-36
795.952381	-36.4
801.9047619	-36
807.8571429	-36
813.8095238	-36
819.7619048	-35.6
825.7142857	-35.6
831.6666667	-35.6
837.6190476	-35.6
843.5714286	-35.6
849.5238095	-35.6
855.4761905	-35.2
861.4285714	-35.2
867.3809524	-34.8
873.3333333	-34.8
879.2857143	-35.2
885.2380952	-34.8
891.1904762	-34.8
897.1428571	-34.8
903.0952381	-34.4
909.047619	-34.4
915	-34
920.952381	-34
926.9047619	-33.6
932.8571429	-33.6
938.8095238	-33.6
944.7619048	-33.2
950.7142857	-32.8
956.6666667	-33.2
962.6190476	-32.4
968.5714286	-32.4
974.5238095	-32.4
980.4761905	-32
986.4285714	-32
992.3809524	-31.6
998.3333333	-31.2
1004.285714	-31.6
1010.238095	-31.2
1016.190476	-30.8
1022.142857	-30.4
1028.095238	-30.4
1034.047619	-30
1040	-29.6
1045.952381	-29.6
1051.904762	-29.6
1057.857143	-29.2
1063.809524	-28.8
1069.761905	-28.8
1075.714286	-28.4
1081.666667	-28.4
1087.619048	-27.6
1093.571429	-27.6
1099.52381	-27.2
1105.47619	-27.2
1111.428571	-26.8
1117.380952	-26.4
1123.333333	-26.4
1129.285714	-26
1135.238095	-25.6
1141.190476	-25.2
1147.142857	-25.2
1153.095238	-24.8
1159.047619	-24.4
1165	-24.4
1170.952381	-24
1176.904762	-23.6
1182.857143	-23.6
1188.809524	-23.2
1194.761905	-22.8
1200.714286	-22.4
1206.666667	-22.4
1212.619048	-22
1218.571429	-21.6
1224.52381	-21.2
1230.47619	-21.2
1236.428571	-20.8
1242.380952	-20.4
1248.333333	-20
1254.285714	-19.6
1260.238095	-19.6
1266.190476	-19.2
1272.142857	-18.8
1278.095238	-18.4
1284.047619	-18
1290	-18
1295.952381	-17.6
1301.904762	-17.2
1307.857143	-17.2
1313.809524	-16.8
1319.761905	-16.4
1325.714286	-16.4
1331.666667	-16
1337.619048	-15.6
1343.571429	-15.2
1349.52381	-15.2
1355.47619	-14.8
1361.428571	-14.8
1367.380952	-14
1373.333333	-13.6
1379.285714	-13.2
1385.238095	-13.2
1391.190476	-12.8
1397.142857	-12.4
1403.095238	-12.4
1409.047619	-12
1415	-12
1420.952381	-11.2
1426.904762	-10.8
1432.857143	-10.8
1438.809524	-10.4
1444.761905	-10
1450.714286	-10
1456.666667	-9.6
1462.619048	-9.6
1468.571429	-9.2
1474.52381	-9.2
1480.47619	-8.8
1486.428571	-8.4
1492.380952	-8
1498.333333	-7.6
1504.285714	-7.6
1510.238095	-7.2
1516.190476	-6.8
1522.142857	-6.8
1528.095238	-6.8
1534.047619	-6.4
1540	-6
1545.952381	-6
1551.904762	-5.6
1557.857143	-5.2
1563.809524	-4.8
1569.761905	-4.8
1575.714286	-4.4
1581.666667	-4.4
1587.619048	-4
1593.571429	-4
1599.52381	-3.6
1605.47619	-3.2
1611.428571	-3.2
1617.380952	-2.8
1623.333333	-2.8
1629.285714	-2.4
1635.238095	-2.4
1641.190476	-2
1647.142857	-2
1653.095238	-1.6
1659.047619	-1.2
1665	-1.2
1670.952381	-0.8
1676.904762	-0.8
1682.857143	-0.8
1688.809524	-0.4
1694.761905	-0.4
1700.714286	0
1706.666667	0
1712.619048	0
1718.571429	0.4
1724.52381	0.4
1730.47619	0.4
1736.428571	0.8
1742.380952	1.2
1748.333333	1.2
1754.285714	1.2
1760.238095	1.2
1766.190476	1.6
1772.142857	1.6
1778.095238	1.6
1784.047619	1.6
1790	2
1795.952381	2.4
1801.904762	2.4
1807.857143	2.4
1813.809524	2.8
1819.761905	2.8
1825.714286	3.2
1831.666667	3.2
1837.619048	3.2
1843.571429	3.2
1849.52381	3.6
1855.47619	3.6
1861.428571	4
1867.380952	4
1873.333333	4
1879.285714	4
1885.238095	4
1891.190476	4
1897.142857	4.4
1903.095238	4.4
1909.047619	4.4
1915	4.4
1920.952381	4.8
1926.904762	4.8
1932.857143	4.8
1938.809524	4.8
1944.761905	5.2
1950.714286	5.2
1956.666667	5.2
1962.619048	5.2
1968.571429	5.6
1974.52381	5.6
1980.47619	5.6
1986.428571	5.6
1992.380952	5.6
1998.333333	5.6
2004.285714	6
2010.238095	6
2016.190476	6
2022.142857	6
2028.095238	6
2034.047619	6
2040	6
2045.952381	6.4
2051.904762	6.4
2057.857143	6.4
2063.809524	6.4
2069.761905	6.4
2075.714286	6.4
2081.666667	6.4
2087.619048	6.4
2093.571429	6.8
2099.52381	6.4
2105.47619	6.4
2111.428571	6.8
2117.380952	6.8
2123.333333	6.8
2129.285714	6.8
2135.238095	6.8
2141.190476	6.8
2147.142857	6.8
2153.095238	6.8
2159.047619	6.8
2165	6.8
2170.952381	6.8
2176.904762	6.8
2182.857143	7.2
2188.809524	7.2
2194.761905	6.8
2200.714286	6.8
2206.666667	7.2
2212.619048	7.2
2218.571429	7.2
2224.52381	7.2
2230.47619	7.2
2236.428571	7.2
2242.380952	6.8
2248.333333	7.2
2254.285714	7.2
2260.238095	7.2
2266.190476	7.2
2272.142857	7.2
2278.095238	7.2
2284.047619	7.2
2290	7.2
2295.952381	7.2
2301.904762	7.2
2307.857143	7.2
2313.809524	7.2
2319.761905	7.2
2325.714286	7.2
2331.666667	7.2
2337.619048	7.2
2343.571429	7.2
2349.52381	7.2
2355.47619	7.2
2361.428571	7.2
2367.380952	7.2
2373.333333	7.2
2379.285714	7.2
2385.238095	7.2
2391.190476	7.2
2397.142857	7.2
2403.095238	7.2
2409.047619	7.2
2415	7.2
2420.952381	7.2
2426.904762	7.2
2432.857143	7.2
2438.809524	7.2
2444.761905	7.2
2450.714286	6.8
2456.666667	7.2
2462.619048	7.2
2468.571429	7.2
2474.52381	7.2
2480.47619	6.8
2486.428571	6.8
2492.380952	7.2
2498.333333	6.8
2504.285714	6.8
2510.238095	6.8
2516.190476	6.8
2522.142857	7.2
2528.095238	6.8
2534.047619	6.8
2540	6.8
2545.952381	6.8
2551.904762	6.8
2557.857143	6.8
2563.809524	6.4
2569.761905	6.4
2575.714286	6.4
2581.666667	6.4
2587.619048	6.4
2593.571429	6.8
2599.52381	6.4
2605.47619	6.4
2611.428571	6.4
2617.380952	6.4
2623.333333	6.4
2629.285714	6.4
2635.238095	6.4
2641.190476	6.4
2647.142857	6.4
2653.095238	6.4
2659.047619	6.4
2665	6.4
2670.952381	6.4
2676.904762	6.4
2682.857143	6.4
2688.809524	6.4
2694.761905	6.4
2700.714286	6
2706.666667	6.4
2712.619048	6.4
2718.571429	6.4
2724.52381	6.4
2730.47619	6
2736.428571	6
2742.380952	6
2748.333333	6
2754.285714	6
2760.238095	6
2766.190476	6
2772.142857	6
2778.095238	6
2784.047619	6
2790	6
2795.952381	6
2801.904762	5.6
2807.857143	5.6
2813.809524	6
2819.761905	6
2825.714286	6
2831.666667	6
2837.619048	6
2843.571429	5.6
2849.52381	5.6
2855.47619	5.6
2861.428571	5.6
2867.380952	5.6
2873.333333	5.6
2879.285714	5.6
2885.238095	5.6
2891.190476	5.6
2897.142857	5.6
2903.095238	5.6
2909.047619	5.2
2915	5.2
2920.952381	5.2
2926.904762	5.2
2932.857143	5.2
2938.809524	5.2
2944.761905	5.2
2950.714286	5.2
2956.666667	5.2
2962.619048	5.2
2968.571429	5.2
2974.52381	5.2
2980.47619	5.2
2986.428571	5.2
2992.380952	5.2
2998.333333	5.2
3004.285714	5.2
3010.238095	5.2
3016.190476	5.2
3022.142857	5.2
3028.095238	5.2
3034.047619	4.8
3040	5.2
3045.952381	5.2
3051.904762	4.8
3057.857143	4.8
3063.809524	4.8
3069.761905	4.8
3075.714286	4.8
3081.666667	4.8
3087.619048	4.8
3093.571429	4.8
3099.52381	4.8
3105.47619	4.8
3111.428571	4.8
3117.380952	4.8
3123.333333	4.4
3129.285714	4.8
3135.238095	4.8
3141.190476	4.4
3147.142857	4.4
3153.095238	4.8
3159.047619	4.4
3165	4.8
3170.952381	4.4
3176.904762	4.4
3182.857143	4.4
3188.809524	4.4
3194.761905	4.4
3200.714286	4.8
3206.666667	4.4
3212.619048	4.4
3218.571429	4.4
3224.52381	4.4
3230.47619	4.4
3236.428571	4.4
3242.380952	4.4
3248.333333	4.4
3254.285714	4.4
3260.238095	4.4
3266.190476	4.4
3272.142857	4.4
3278.095238	4.4
3284.047619	4.4
3290	4.4
3295.952381	4.4
3301.904762	4.4
3307.857143	4.4
3313.809524	4.4
3319.761905	4.4
3325.714286	4.4
3331.666667	4
3337.619048	4
3343.571429	4.4
3349.52381	4
3355.47619	4.4
3361.428571	4.4
3367.380952	4.4
3373.333333	4
3379.285714	4
3385.238095	4.4
3391.190476	4
3397.142857	4
3403.095238	4
3409.047619	4
3415	4
3420.952381	4
3426.904762	4.4
3432.857143	4
3438.809524	4
3444.761905	4
3450.714286	4
3456.666667	4
3462.619048	4
3468.571429	4
3474.52381	4
3480.47619	4
3486.428571	4
3492.380952	4
3498.333333	4
3504.285714	4
3510.238095	3.6
3516.190476	4
3522.142857	4
3528.095238	4
3534.047619	4
3540	3.6
3545.952381	4
3551.904762	4
3557.857143	4
3563.809524	4
3569.761905	3.6
3575.714286	4
3581.666667	3.6
3587.619048	4
3593.571429	4
3599.52381	3.6
3605.47619	3.6
3611.428571	4
3617.380952	4
3623.333333	3.6
3629.285714	3.6
3635.238095	4
3641.190476	3.6
3647.142857	3.6
3653.095238	3.6
3659.047619	4
3665	3.6
3670.952381	3.6
3676.904762	3.6
3682.857143	3.6
3688.809524	3.6
3694.761905	3.6
3700.714286	3.6
3706.666667	4
3712.619048	3.6
3718.571429	3.6
3724.52381	3.6
3730.47619	3.6
3736.428571	3.6
3742.380952	3.6
3748.333333	3.6
3754.285714	3.6
3760.238095	3.6
3766.190476	3.6
3772.142857	3.6
3778.095238	3.6
3784.047619	3.6
3790	3.6
3795.952381	3.6
3801.904762	3.2
3807.857143	3.6
3813.809524	3.6
3819.761905	3.6
3825.714286	3.2
3831.666667	3.6
3837.619048	3.6
3843.571429	3.2
3849.52381	3.6
3855.47619	3.6
3861.428571	3.2
3867.380952	3.6
3873.333333	3.6
3879.285714	3.6
3885.238095	3.2
3891.190476	3.6
3897.142857	3.6
3903.095238	3.2
3909.047619	3.2
3915	3.2
3920.952381	3.2
3926.904762	3.2
3932.857143	3.2
3938.809524	3.6
3944.761905	3.2
3950.714286	3.2
3956.666667	3.2
3962.619048	3.6
3968.571429	3.2
3974.52381	3.2
3980.47619	3.6
3986.428571	3.2
3992.380952	3.2
3998.333333	3.2
4004.285714	3.6
4010.238095	3.2
4016.190476	3.2
4022.142857	3.2
4028.095238	3.2
4034.047619	3.2
4040	3.2
4045.952381	3.2
4051.904762	3.2
4057.857143	3.2
4063.809524	3.2
4069.761905	3.2
4075.714286	3.2
4081.666667	3.2
4087.619048	3.2
4093.571429	3.6
4099.52381	3.2
4105.47619	3.2
4111.428571	3.2
4117.380952	3.6
4123.333333	3.2
4129.285714	3.2
4135.238095	3.2
4141.190476	3.2
4147.142857	3.2
4153.095238	3.2
4159.047619	3.2
4165	3.2
4170.952381	3.2
4176.904762	3.2
4182.857143	3.2
4188.809524	3.2
4194.761905	3.2
4200.714286	3.2
4206.666667	3.2
4212.619048	3.2
4218.571429	3.2
4224.52381	3.2
4230.47619	3.2
4236.428571	2.8
4242.380952	3.2
4248.333333	3.2
4254.285714	3.2
4260.238095	3.2
4266.190476	3.2
4272.142857	3.2
4278.095238	3.2
4284.047619	3.2
4290	3.2
4295.952381	3.2
4301.904762	3.2
4307.857143	3.2
4313.809524	2.8
4319.761905	2.8
4325.714286	2.8
4331.666667	2.8
4337.619048	3.2
4343.571429	3.2
4349.52381	3.2
4355.47619	3.2
4361.428571	3.2
4367.380952	2.8
4373.333333	3.2
4379.285714	3.2
4385.238095	3.2
4391.190476	2.8
4397.142857	3.2
4403.095238	3.2
4409.047619	3.2
4415	3.2
4420.952381	3.2
4426.904762	3.2
4432.857143	3.2
4438.809524	3.2
4444.761905	2.8
4450.714286	2.8
4456.666667	2.8
4462.619048	3.2
4468.571429	2.8
4474.52381	3.2
4480.47619	2.8
4486.428571	2.8
4492.380952	3.2
4498.333333	2.8
4504.285714	2.8
4510.238095	3.2
4516.190476	2.8
4522.142857	3.2
4528.095238	2.8
4534.047619	2.8
4540	3.2
4545.952381	2.8
4551.904762	2.8
4557.857143	2.8
4563.809524	2.8
4569.761905	3.2
4575.714286	3.2
4581.666667	3.2
4587.619048	3.2
4593.571429	2.8
4599.52381	2.8
4605.47619	3.2
4611.428571	2.8
4617.380952	2.8
4623.333333	2.8
4629.285714	2.8
4635.238095	2.8
4641.190476	2.8
4647.142857	2.8
4653.095238	3.2
4659.047619	2.8
4665	2.8
4670.952381	2.8
4676.904762	2.8
4682.857143	2.8
4688.809524	3.2
4694.761905	2.8
4700.714286	2.8
4706.666667	2.8
4712.619048	2.8
4718.571429	2.8
4724.52381	2.8
4730.47619	2.8
4736.428571	3.2
4742.380952	2.8
4748.333333	2.8
4754.285714	2.8
4760.238095	2.8
4766.190476	2.8
4772.142857	2.8
4778.095238	3.2
4784.047619	2.8
4790	2.8
4795.952381	2.8
4801.904762	2.8
4807.857143	2.8
4813.809524	2.8
4819.761905	2.8
4825.714286	2.8
4831.666667	2.8
4837.619048	2.8
4843.571429	2.8
4849.52381	2.8
4855.47619	2.8
4861.428571	2.8
4867.380952	2.8
4873.333333	2.8
4879.285714	2.8
4885.238095	2.8
4891.190476	2.8
4897.142857	2.8
4903.095238	3.2
4909.047619	2.8
4915	2.8
4920.952381	2.8
4926.904762	2.8
4932.857143	2.8
4938.809524	2.8
4944.761905	2.8
4950.714286	2.8
4956.666667	2.8
4962.619048	3.2
4968.571429	2.8
4974.52381	2.8
4980.47619	2.8
4986.428571	2.8
4992.380952	2.8
4998.333333	2.8
5004.285714	2.8
5010.238095	2.8
5016.190476	2.8
5022.142857	2.8
5028.095238	2.8
5034.047619	2.8
5040	2.8
5045.952381	2.8
5051.904762	2.8
5057.857143	2.8
5063.809524	2.8
5069.761905	2.8
5075.714286	2.8
5081.666667	2.4
5087.619048	2.8
5093.571429	2.8
5099.52381	2.8
5105.47619	2.8
5111.428571	2.8
5117.380952	2.8
5123.333333	2.8
5129.285714	2.8
5135.238095	2.8
5141.190476	2.8
5147.142857	2.8
5153.095238	2.8
5159.047619	2.8
5165	2.4
5170.952381	2.8
5176.904762	2.8
5182.857143	2.8
5188.809524	2.8
5194.761905	2.8
5200.714286	2.8
5206.666667	2.4
5212.619048	2.8
5218.571429	2.4
5224.52381	2.8
5230.47619	2.4
5236.428571	2.8
5242.380952	2.8
5248.333333	2.4
5254.285714	2.8
5260.238095	2.8
5266.190476	2.8
5272.142857	2.4
5278.095238	2.8
5284.047619	2.8
5290	2.8
5295.952381	2.8
5301.904762	2.8
5307.857143	2.4
5313.809524	2.8
5319.761905	2.8
5325.714286	2.8
5331.666667	2.4
5337.619048	2.4
5343.571429	2.8
5349.52381	2.8
5355.47619	2.8
5361.428571	2.8
5367.380952	2.4
5373.333333	2.4
5379.285714	2.8
5385.238095	2.4
5391.190476	2.4
5397.142857	2.8
5403.095238	2.8
5409.047619	2.8
5415	2.4
5420.952381	2.8
5426.904762	2.4
5432.857143	2.8
5438.809524	2.4
5444.761905	2.4
5450.714286	2.4
5456.666667	2.4
5462.619048	2.8
5468.571429	2.4
5474.52381	2.4
5480.47619	2.8
5486.428571	2.8
5492.380952	2.8
5498.333333	2.4
5504.285714	2.8
5510.238095	2.8
5516.190476	2.8
5522.142857	2.8
5528.095238	2.4
5534.047619	2.4
5540	2.4
5545.952381	2.8
5551.904762	2.8
5557.857143	2.4
5563.809524	2.4
5569.761905	2.4
5575.714286	2.8
5581.666667	2.8
5587.619048	2.4
5593.571429	2.4
5599.52381	2.4
5605.47619	2.4
5611.428571	2.4
5617.380952	2.8
5623.333333	2.4
5629.285714	2.4
5635.238095	2.4
5641.190476	2.4
5647.142857	2.4
5653.095238	2.4
5659.047619	2.4
5665	2.8
5670.952381	2.4
5676.904762	2.4
5682.857143	2.4
5688.809524	2.8
5694.761905	2.4
5700.714286	2.4
5706.666667	2.4
5712.619048	2.4
5718.571429	2.4
5724.52381	2.4
5730.47619	2.4
5736.428571	2.8
5742.380952	2.4
5748.333333	2.4
5754.285714	2.4
5760.238095	2.4
5766.190476	2.4
5772.142857	2.4
5778.095238	2.4
5784.047619	2.4
5790	2.4
5795.952381	2.4
5801.904762	2.4
5807.857143	2.4
5813.809524	2.4
5819.761905	2.4
5825.714286	2.4
5831.666667	2.4
5837.619048	2.4
5843.571429	2.4
5849.52381	2.4
5855.47619	2.4
5861.428571	2.8
5867.380952	2.4
5873.333333	2.4
5879.285714	2.4
5885.238095	2.8
5891.190476	2.4
5897.142857	2.4
5903.095238	2.4
5909.047619	2.4
5915	2.4
5920.952381	2.4
5926.904762	2.4
5932.857143	2.8
5938.809524	2.4
5944.761905	2.4
5950.714286	2.4
5956.666667	2.4
5962.619048	2.4
5968.571429	2.4
5974.52381	2.4
5980.47619	2.4
5986.428571	2
5992.380952	2.4
5998.333333	2.4
6004.285714	2.4
6010.238095	2.4
6016.190476	2.4
6022.142857	2.4
6028.095238	2.4
6034.047619	2.4
6040	2.4
6045.952381	2.4
6051.904762	2.4
6057.857143	2.4
6063.809524	2.4
6069.761905	2.4
6075.714286	2
6081.666667	2.4
6087.619048	2.4
6093.571429	2.4
6099.52381	2.4
6105.47619	2.4
6111.428571	2.4
6117.380952	2.4
6123.333333	2.4
6129.285714	2.4
6135.238095	2
6141.190476	2.4
6147.142857	2.4
6153.095238	2.4
6159.047619	2.4
6165	2.4
6170.952381	2.4
6176.904762	2.4
6182.857143	2.4
6188.809524	2.4
6194.761905	2.4
6200.714286	2.4
6206.666667	2
6212.619048	2.4
6218.571429	2.4
6224.52381	2.4
6230.47619	2.4
6236.428571	2.4
6242.380952	2.4
6248.333333	2.4
6254.285714	2.4
6260.238095	2.4
6266.190476	2.4
6272.142857	2.4
6278.095238	2.4
6284.047619	2.4
6290	2.4
6295.952381	2.4
6301.904762	2.4
6307.857143	2
6313.809524	2
6319.761905	2.4
6325.714286	2.4
6331.666667	2
6337.619048	2
6343.571429	2.4
6349.52381	2.4
6355.47619	2.4
6361.428571	2.4
6367.380952	2.4
6373.333333	2.4
6379.285714	2
6385.238095	2
6391.190476	2.4
6397.142857	2.4
6403.095238	2
6409.047619	2.4
6415	2
6420.952381	2.4
6426.904762	2
6432.857143	2.4
6438.809524	2.4
6444.761905	2
6450.714286	2.4
6456.666667	2
6462.619048	2
6468.571429	2.4
6474.52381	2
6480.47619	2
6486.428571	2.4
6492.380952	2.4
6498.333333	2.4
6504.285714	2.4
6510.238095	2.4
6516.190476	2.4
6522.142857	2.4
6528.095238	2.4
6534.047619	2
6540	2
6545.952381	2.4
6551.904762	2.4
6557.857143	2
6563.809524	2.4
6569.761905	2.4
6575.714286	2
6581.666667	2.4
6587.619048	2
6593.571429	2.4
6599.52381	2.4
6605.47619	2.4
6611.428571	2
6617.380952	2.4
6623.333333	2.4
6629.285714	2
6635.238095	2.4
6641.190476	2
6647.142857	2
6653.095238	2
6659.047619	2.4
6665	2.4
6670.952381	2.4
6676.904762	2.4
6682.857143	2
6688.809524	2
6694.761905	2
6700.714286	2.4
6706.666667	2.4
6712.619048	2.4
6718.571429	2.4
6724.52381	2.4
6730.47619	2.4
6736.428571	2
6742.380952	2
6748.333333	2.4
6754.285714	2.4
6760.238095	2
6766.190476	2.4
6772.142857	2
6778.095238	2
6784.047619	2.4
6790	2.4
6795.952381	2
6801.904762	2.4
6807.857143	2
6813.809524	2.4
6819.761905	2
6825.714286	2.4
6831.666667	2.4
6837.619048	2
6843.571429	2
6849.52381	2.4
6855.47619	2
6861.428571	2
6867.380952	2.4
6873.333333	2.4
6879.285714	2
6885.238095	2.4
6891.190476	2.4
6897.142857	2
6903.095238	2
6909.047619	2
6915	2
6920.952381	2.4
6926.904762	2
6932.857143	2.4
6938.809524	2.4
6944.761905	2.4
6950.714286	2
6956.666667	2
6962.619048	2
6968.571429	2
6974.52381	2
6980.47619	2
6986.428571	2.4
6992.380952	2
6998.333333	2
7004.285714	2.4
7010.238095	2.4
7016.190476	2.4
7022.142857	2
7028.095238	2
7034.047619	2
7040	2
7045.952381	2.4
7051.904762	2.4
7057.857143	2
7063.809524	2
7069.761905	2
7075.714286	2.4
7081.666667	2.4
7087.619048	2
7093.571429	2
7099.52381	2
7105.47619	2
7111.428571	2.4
7117.380952	2
7123.333333	2.4
7129.285714	2
7135.238095	2
7141.190476	2
7147.142857	2
7153.095238	2
7159.047619	2.4
7165	2.4
7170.952381	2.4
7176.904762	2
7182.857143	2
7188.809524	2
7194.761905	2.4
7200.714286	2.4
7206.666667	2
7212.619048	2.4
7218.571429	2
7224.52381	2.4
7230.47619	2.4
7236.428571	2
7242.380952	2
7248.333333	2.4
7254.285714	2.4
7260.238095	2
7266.190476	2.4
7272.142857	2
7278.095238	2
7284.047619	2
7290	2
7295.952381	2.4
7301.904762	2.4
7307.857143	2.4
7313.809524	2.4
7319.761905	2
7325.714286	2.4
7331.666667	2.4
7337.619048	2
7343.571429	2
7349.52381	2
7355.47619	2.4
7361.428571	2
7367.380952	2.4
7373.333333	2.4
7379.285714	2.4
7385.238095	2.4
7391.190476	2.4
7397.142857	2.4
7403.095238	2
7409.047619	2
7415	2
7420.952381	2
7426.904762	2
7432.857143	2
7438.809524	2.4
7444.761905	2
7450.714286	2
7456.666667	2
7462.619048	2.4
7468.571429	2
7474.52381	2.4
7480.47619	2.4
7486.428571	2
7492.380952	2.4
7498.333333	2.4
7504.285714	2
7510.238095	2
7516.190476	2.4
7522.142857	2.4
7528.095238	2.4
7534.047619	2.4
7540	2.4
7545.952381	2.4
7551.904762	2
7557.857143	2
7563.809524	2
7569.761905	2
7575.714286	2
7581.666667	2.4
7587.619048	2.4
7593.571429	2
7599.52381	2
7605.47619	2.4
7611.428571	2.4
7617.380952	2.4
7623.333333	2
7629.285714	2
7635.238095	2
7641.190476	2
7647.142857	2
7653.095238	2
7659.047619	2
7665	2.4
7670.952381	2
7676.904762	2
7682.857143	2
7688.809524	2.4
7694.761905	2.4
7700.714286	2
7706.666667	2.4
7712.619048	2.4
7718.571429	2.4
7724.52381	2
7730.47619	2.4
7736.428571	2.4
7742.380952	2
7748.333333	2.4
7754.285714	2
7760.238095	2
7766.190476	2.4
7772.142857	2
7778.095238	2
7784.047619	2.4
7790	2.4
7795.952381	2.4
7801.904762	2
7807.857143	2
7813.809524	2
7819.761905	2
7825.714286	2
7831.666667	2.4
7837.619048	2
7843.571429	2
7849.52381	2.4
7855.47619	2.4
7861.428571	2
7867.380952	2
7873.333333	2
7879.285714	2
7885.238095	2.4
7891.190476	2
7897.142857	2
7903.095238	2
7909.047619	2.4
7915	2
7920.952381	2
7926.904762	2.4
7932.857143	2.4
7938.809524	2
7944.761905	2
7950.714286	2
7956.666667	2
7962.619048	2
7968.571429	2
7974.52381	2
7980.47619	2
7986.428571	2
7992.380952	2
7998.333333	2
8004.285714	2.4
8010.238095	2
8016.190476	2
8022.142857	2.4
8028.095238	2
8034.047619	2.4
8040	2.4
8045.952381	2
8051.904762	2
8057.857143	2
8063.809524	2
8069.761905	2.4
8075.714286	2
8081.666667	2
8087.619048	2
8093.571429	2
8099.52381	2
8105.47619	2
8111.428571	2
8117.380952	2
8123.333333	2.4
8129.285714	2.4
8135.238095	2
8141.190476	2
8147.142857	2
8153.095238	2
8159.047619	2
8165	2
8170.952381	2.4
8176.904762	2.4
8182.857143	2
8188.809524	2
8194.761905	2
8200.714286	2
8206.666667	2.4
8212.619048	2
8218.571429	2
8224.52381	2
8230.47619	2
8236.428571	2
8242.380952	2
8248.333333	2
8254.285714	2
8260.238095	2
8266.190476	2
8272.142857	2
8278.095238	2
8284.047619	2
8290	2
8295.952381	2
8301.904762	2
8307.857143	2
8313.809524	2
8319.761905	2.4
8325.714286	2
8331.666667	2
8337.619048	2
8343.571429	2
8349.52381	2
8355.47619	2
8361.428571	2
8367.380952	2
8373.333333	2
8379.285714	2
8385.238095	2
8391.190476	2
8397.142857	2
8403.095238	2
8409.047619	2
8415	2
8420.952381	2
8426.904762	2
8432.857143	2
8438.809524	2
8444.761905	2
8450.714286	2
8456.666667	2
8462.619048	2
8468.571429	2
8474.52381	2
8480.47619	2
8486.428571	2
8492.380952	2.4
8498.333333	2
8504.285714	2
8510.238095	2
8516.190476	2
8522.142857	2.4
8528.095238	2
8534.047619	2
8540	2
8545.952381	2
8551.904762	2
8557.857143	2
8563.809524	2
8569.761905	2
8575.714286	2
8581.666667	2
8587.619048	2
8593.571429	2
8599.52381	2
8605.47619	2
8611.428571	2
8617.380952	2
8623.333333	2
8629.285714	2
8635.238095	2.4
8641.190476	2
8647.142857	2
8653.095238	2
8659.047619	2
8665	2
8670.952381	2
8676.904762	2.4
8682.857143	2
8688.809524	2
8694.761905	2
8700.714286	2.4
8706.666667	2
8712.619048	2
8718.571429	2
8724.52381	2
8730.47619	2
8736.428571	2
8742.380952	2
8748.333333	2
8754.285714	2
8760.238095	2
8766.190476	2
8772.142857	2
8778.095238	2
8784.047619	2
8790	2
8795.952381	2
8801.904762	2
8807.857143	2
8813.809524	2
8819.761905	2
8825.714286	2
8831.666667	2
8837.619048	2
8843.571429	2
8849.52381	2
8855.47619	2
8861.428571	2
8867.380952	2
8873.333333	2
8879.285714	2
8885.238095	2
8891.190476	2.4
8897.142857	2
8903.095238	2
8909.047619	2
8915	2
8920.952381	2.4
8926.904762	2
8932.857143	2
8938.809524	2
8944.761905	2
8950.714286	2
8956.666667	2
8962.619048	2
8968.571429	2
8974.52381	2
