-1002.338912	-0.004
-996.0627615	-0.0096
-989.7866109	-0.008
-983.5104603	-0.004
-977.2343096	-0.016
-970.958159	-0.0112
-964.6820084	-0.0128
-958.4058577	-0.012
-952.1297071	-0.0088
-945.8535565	-0.012
-939.5774059	-0.0064
-933.3012552	-0.0144
-927.0251046	-0.0168
-920.748954	-0.0072
-914.4728033	-0.0144
-908.1966527	-0.0096
-901.9205021	-0.0048
-895.6443515	-0.0152
-889.3682008	-0.0088
-883.0920502	-0.016
-876.8158996	-0.0088
-870.539749	-0.0112
-864.2635983	-0.012
-857.9874477	-0.0024
-851.7112971	-0.0128
-845.4351464	-0.0088
-839.1589958	-0.0024
-832.8828452	-0.0136
-826.6066946	-0.0112
-820.3305439	-0.0192
-814.0543933	-0.0112
-807.7782427	-0.0072
-801.5020921	-0.008
-795.2259414	-0.0032
-788.9497908	-0.0024
-782.6736402	-0.0024
-776.3974895	-0.0056
-770.1213389	-0.0048
-763.8451883	-0.0048
-757.5690377	-0.0024
-751.292887	-0.0032
-745.0167364	-0.0056
-738.7405858	-0.0008
-732.4644351	-0.004
-726.1882845	0
-719.9121339	0.004
-713.6359833	-0.0016
-707.3598326	0
-701.083682	0.004
-694.8075314	-0.0024
-688.5313808	0.008
-682.2552301	0.0056
-675.9790795	0.004
-669.7029289	0.0048
-663.4267782	0.0104
-657.1506276	0.0024
-650.874477	0.0128
-644.5983264	0.008
-638.3221757	0.0104
-632.0460251	0.0064
-625.7698745	0.0136
-619.4937238	0.0096
-613.2175732	0.0128
-606.9414226	0.0136
-600.665272	0.0144
-594.3891213	0.008
-588.1129707	0.0216
-581.8368201	0.0224
-575.5606695	0.0104
-569.2845188	0.0184
-563.0083682	0.024
-556.7322176	0.0248
-550.4560669	0.0224
-544.1799163	0.0264
-537.9037657	0.028
-531.6276151	0.0264
-525.3514644	0.032
-519.0753138	0.0296
-512.7991632	0.0312
-506.5230126	0.0352
-500.2468619	0.0384
-493.9707113	0.0368
-487.6945607	0.0384
-481.41841	0.04
-475.1422594	0.0392
-468.8661088	0.0408
-462.5899582	0.0416
-456.3138075	0.0424
-450.0376569	0.044
-443.7615063	0.048
-437.4853556	0.0416
-431.209205	0.0448
-424.9330544	0.0464
-418.6569038	0.0504
-412.3807531	0.0416
-406.1046025	0.0472
-399.8284519	0.048
-393.5523013	0.0488
-387.2761506	0.0488
-381	0.0544
-374.7238494	0.0544
-368.4476987	0.0416
-362.1715481	0.0568
-355.8953975	0.0592
-349.6192469	0.0512
-343.3430962	0.0552
-337.0669456	0.0576
-330.790795	0.052
-324.5146444	0.0536
-318.2384937	0.0568
-311.9623431	0.0584
-305.6861925	0.0552
-299.4100418	0.056
-293.1338912	0.056
-286.8577406	0.052
-280.58159	0.0488
-274.3054393	0.056
-268.0292887	0.056
-261.7531381	0.0464
-255.4769874	0.0512
-249.2008368	0.056
-242.9246862	0.0496
-236.6485356	0.0552
-230.3723849	0.0536
-224.0962343	0.0496
-217.8200837	0.0504
-211.5439331	0.0528
-205.2677824	0.0488
-198.9916318	0.0488
-192.7154812	0.0416
-186.4393305	0.0488
-180.1631799	0.048
-173.8870293	0.0448
-167.6108787	0.0488
-161.334728	0.044
-155.0585774	0.0472
-148.7824268	0.0408
-142.5062762	0.0416
-136.2301255	0.0424
-129.9539749	0.0432
-123.6778243	0.04
-117.4016736	0.0432
-111.125523	0.0368
-104.8493724	0.0416
-98.57322176	0.0368
-92.29707113	0.0344
-86.0209205	0.032
-79.74476987	0.0408
-73.46861925	0.0288
-67.19246862	0.0328
-60.91631799	0.0328
-54.64016736	0.0256
-48.36401674	0.032
-42.08786611	0.0264
-35.81171548	0.0256
-29.53556485	0.0232
-23.25941423	0.0168
-16.9832636	0.0232
-10.70711297	0.02
-4.430962343	0.016
1.845188285	0.0192
8.121338912	0.0064
14.39748954	0.0088
20.67364017	0.0168
26.94979079	0.0056
33.22594142	0.016
39.50209205	0.0096
45.77824268	0.0008
52.05439331	0.0072
58.33054393	-0.004
64.60669456	0
70.88284519	0.0016
77.15899582	-0.0048
83.43514644	-0.0024
89.71129707	-0.0024
95.9874477	-0.0056
102.2635983	0.0024
108.539749	-0.0064
114.8158996	-0.0128
121.0920502	-0.0088
127.3682008	-0.0136
133.6443515	-0.0088
139.9205021	-0.008
146.1966527	-0.024
152.4728033	-0.0128
158.748954	-0.0184
165.0251046	-0.0184
171.3012552	-0.0152
177.5774059	-0.0216
183.8535565	-0.0232
190.1297071	-0.0216
196.4058577	-0.0296
202.6820084	-0.024
208.958159	-0.036
215.2343096	-0.0216
221.5104603	-0.0312
227.7866109	-0.0408
234.0627615	-0.0304
240.3389121	-0.036
246.6150628	-0.0312
252.8912134	-0.0416
259.167364	-0.0368
265.4435146	-0.0408
271.7196653	-0.0344
277.9958159	-0.0424
284.2719665	-0.0424
290.5481172	-0.0416
296.8242678	-0.0424
303.1004184	-0.0408
309.376569	-0.0472
315.6527197	-0.0464
321.9288703	-0.044
328.2050209	-0.0528
334.4811715	-0.044
340.7573222	-0.0528
347.0334728	-0.0488
353.3096234	-0.044
359.5857741	-0.0496
365.8619247	-0.0536
372.1380753	-0.0496
378.4142259	-0.0552
384.6903766	-0.0504
390.9665272	-0.0464
397.2426778	-0.056
403.5188285	-0.0576
409.7949791	-0.0568
416.0711297	-0.056
422.3472803	-0.0616
428.623431	-0.0592
434.8995816	-0.0592
441.1757322	-0.052
447.4518828	-0.0584
453.7280335	-0.0592
460.0041841	-0.0552
466.2803347	-0.0608
472.5564854	-0.06
478.832636	-0.0632
485.1087866	-0.0608
491.3849372	-0.0584
497.6610879	-0.0608
503.9372385	-0.0656
510.2133891	-0.0632
516.4895397	-0.0608
522.7656904	-0.064
529.041841	-0.0624
535.3179916	-0.0664
541.5941423	-0.0632
547.8702929	-0.064
554.1464435	-0.0648
560.4225941	-0.0664
566.6987448	-0.068
572.9748954	-0.0624
579.251046	-0.0648
585.5271967	-0.0656
591.8033473	-0.0616
598.0794979	-0.064
604.3556485	-0.0632
610.6317992	-0.068
616.9079498	-0.0664
623.1841004	-0.064
629.460251	-0.0624
635.7364017	-0.0648
642.0125523	-0.0656
648.2887029	-0.0632
654.5648536	-0.0576
660.8410042	-0.0568
667.1171548	-0.0624
673.3933054	-0.0664
679.6694561	-0.0576
685.9456067	-0.0608
692.2217573	-0.0568
698.4979079	-0.0632
704.7740586	-0.0584
711.0502092	-0.0544
717.3263598	-0.0496
723.6025105	-0.0576
729.8786611	-0.0568
736.1548117	-0.0552
742.4309623	-0.0504
748.707113	-0.052
754.9832636	-0.0552
761.2594142	-0.0608
767.5355649	-0.0504
773.8117155	-0.0512
780.0878661	-0.0464
786.3640167	-0.0552
792.6401674	-0.0456
798.916318	-0.0488
805.1924686	-0.048
811.4686192	-0.0432
817.7447699	-0.04
824.0209205	-0.0416
830.2970711	-0.0352
836.5732218	-0.048
842.8493724	-0.0408
849.125523	-0.0376
855.4016736	-0.0336
861.6778243	-0.0376
867.9539749	-0.0368
874.2301255	-0.0328
880.5062762	-0.0312
886.7824268	-0.0312
893.0585774	-0.0288
899.334728	-0.0264
905.6108787	-0.032
911.8870293	-0.0328
918.1631799	-0.028
924.4393305	-0.0296
930.7154812	-0.0328
936.9916318	-0.024
943.2677824	-0.0248
949.5439331	-0.024
955.8200837	-0.0264
962.0962343	-0.0168
968.3723849	-0.0272
974.6485356	-0.0224
980.9246862	-0.0184
987.2008368	-0.0216
993.4769874	-0.0208
999.7531381	-0.0168
1006.029289	-0.0128
