-5900.47619	-4.4
-5894.52381	-4
-5888.571429	-4.4
-5882.619048	-4.4
-5876.666667	-4.4
-5870.714286	-4.4
-5864.761905	-4.4
-5858.809524	-4.4
-5852.857143	-4
-5846.904762	-4.4
-5840.952381	-4.8
-5835	-4.4
-5829.047619	-4
-5823.095238	-4
-5817.142857	-4.4
-5811.190476	-4.4
-5805.238095	-4.4
-5799.285714	-4
-5793.333333	-4.4
-5787.380952	-4.4
-5781.428571	-4.4
-5775.47619	-4.4
-5769.52381	-4.4
-5763.571429	-4.4
-5757.619048	-4.4
-5751.666667	-4.4
-5745.714286	-4.4
-5739.761905	-4.4
-5733.809524	-4.4
-5727.857143	-4.4
-5721.904762	-4.4
-5715.952381	-4.4
-5710	-4.4
-5704.047619	-4.4
-5698.095238	-4
-5692.142857	-4.4
-5686.190476	-4
-5680.238095	-4.4
-5674.285714	-4.4
-5668.333333	-4.4
-5662.380952	-4.4
-5656.428571	-4.4
-5650.47619	-4.4
-5644.52381	-4
-5638.571429	-4.4
-5632.619048	-4.4
-5626.666667	-4.4
-5620.714286	-4
-5614.761905	-4
-5608.809524	-4.4
-5602.857143	-4.4
-5596.904762	-4.4
-5590.952381	-4.4
-5585	-4.4
-5579.047619	-4.4
-5573.095238	-4.4
-5567.142857	-4.4
-5561.190476	-4
-5555.238095	-4.4
-5549.285714	-4.4
-5543.333333	-4.4
-5537.380952	-4.4
-5531.428571	-4.4
-5525.47619	-4.4
-5519.52381	-4
-5513.571429	-4.4
-5507.619048	-4.4
-5501.666667	-4
-5495.714286	-4.4
-5489.761905	-4.4
-5483.809524	-4
-5477.857143	-4.4
-5471.904762	-4.4
-5465.952381	-4.4
-5460	-4
-5454.047619	-4
-5448.095238	-4.4
-5442.142857	-4.4
-5436.190476	-4.4
-5430.238095	-4.4
-5424.285714	-4.4
-5418.333333	-4
-5412.380952	-4.4
-5406.428571	-4.4
-5400.47619	-4
-5394.52381	-4
-5388.571429	-4
-5382.619048	-4.4
-5376.666667	-4
-5370.714286	-4.4
-5364.761905	-4
-5358.809524	-4
-5352.857143	-4.4
-5346.904762	-4
-5340.952381	-4
-5335	-4.4
-5329.047619	-4.4
-5323.095238	-4
-5317.142857	-4.4
-5311.190476	-4
-5305.238095	-4.4
-5299.285714	-4.4
-5293.333333	-4
-5287.380952	-4.4
-5281.428571	-4.4
-5275.47619	-4.4
-5269.52381	-4.4
-5263.571429	-4.4
-5257.619048	-4
-5251.666667	-4
-5245.714286	-4
-5239.761905	-4
-5233.809524	-4
-5227.857143	-4
-5221.904762	-4
-5215.952381	-4.4
-5210	-4
-5204.047619	-4
-5198.095238	-4.4
-5192.142857	-4.4
-5186.190476	-4.4
-5180.238095	-4.4
-5174.285714	-4
-5168.333333	-4.4
-5162.380952	-4.4
-5156.428571	-4.4
-5150.47619	-4
-5144.52381	-4.4
-5138.571429	-4.4
-5132.619048	-4
-5126.666667	-4
-5120.714286	-4
-5114.761905	-4.8
-5108.809524	-4
-5102.857143	-4
-5096.904762	-4.4
-5090.952381	-4.4
-5085	-4
-5079.047619	-4.4
-5073.095238	-4
-5067.142857	-4
-5061.190476	-4.4
-5055.238095	-4
-5049.285714	-4
-5043.333333	-4.4
-5037.380952	-4.4
-5031.428571	-4.4
-5025.47619	-4
-5019.52381	-4.4
-5013.571429	-4.4
-5007.619048	-4.4
-5001.666667	-4.4
-4995.714286	-4.4
-4989.761905	-4
-4983.809524	-4.4
-4977.857143	-4.4
-4971.904762	-4
-4965.952381	-4
-4960	-4.4
-4954.047619	-4
-4948.095238	-4
-4942.142857	-4.4
-4936.190476	-4.4
-4930.238095	-4.4
-4924.285714	-4.4
-4918.333333	-4
-4912.380952	-4
-4906.428571	-4
-4900.47619	-4.4
-4894.52381	-4.4
-4888.571429	-4
-4882.619048	-4.4
-4876.666667	-4
-4870.714286	-4
-4864.761905	-4
-4858.809524	-4
-4852.857143	-4.4
-4846.904762	-4.4
-4840.952381	-4.4
-4835	-4
-4829.047619	-4
-4823.095238	-4
-4817.142857	-4.4
-4811.190476	-4
-4805.238095	-4.4
-4799.285714	-4
-4793.333333	-4.4
-4787.380952	-4.4
-4781.428571	-4
-4775.47619	-4.4
-4769.52381	-4.4
-4763.571429	-4.4
-4757.619048	-4.4
-4751.666667	-4
-4745.714286	-4
-4739.761905	-4
-4733.809524	-4.4
-4727.857143	-4.4
-4721.904762	-4
-4715.952381	-4.4
-4710	-4.4
-4704.047619	-4
-4698.095238	-4.4
-4692.142857	-4.4
-4686.190476	-4.4
-4680.238095	-4
-4674.285714	-4.4
-4668.333333	-4.4
-4662.380952	-4.4
-4656.428571	-4.4
-4650.47619	-4.4
-4644.52381	-4.4
-4638.571429	-4.4
-4632.619048	-4
-4626.666667	-4
-4620.714286	-4.4
-4614.761905	-4
-4608.809524	-4.4
-4602.857143	-4.4
-4596.904762	-4.4
-4590.952381	-4.4
-4585	-4.4
-4579.047619	-4
-4573.095238	-4
-4567.142857	-4.4
-4561.190476	-4
-4555.238095	-4.4
-4549.285714	-4
-4543.333333	-4.4
-4537.380952	-4.4
-4531.428571	-4
-4525.47619	-4.4
-4519.52381	-4.4
-4513.571429	-4.4
-4507.619048	-4.4
-4501.666667	-4.4
-4495.714286	-4.4
-4489.761905	-4
-4483.809524	-4.4
-4477.857143	-4.4
-4471.904762	-4.4
-4465.952381	-4.4
-4460	-4.4
-4454.047619	-4.4
-4448.095238	-4.4
-4442.142857	-4.4
-4436.190476	-4.4
-4430.238095	-4.4
-4424.285714	-4.4
-4418.333333	-4.4
-4412.380952	-4.4
-4406.428571	-4.4
-4400.47619	-4.4
-4394.52381	-4.4
-4388.571429	-4.4
-4382.619048	-4.4
-4376.666667	-4.4
-4370.714286	-4.4
-4364.761905	-4.4
-4358.809524	-4.4
-4352.857143	-4.4
-4346.904762	-4.4
-4340.952381	-4.4
-4335	-4.4
-4329.047619	-4.8
-4323.095238	-4.4
-4317.142857	-4.4
-4311.190476	-4
-4305.238095	-4
-4299.285714	-4.4
-4293.333333	-4.4
-4287.380952	-4.4
-4281.428571	-4.4
-4275.47619	-4.4
-4269.52381	-4.4
-4263.571429	-4.4
-4257.619048	-4.4
-4251.666667	-4.4
-4245.714286	-4.4
-4239.761905	-4.4
-4233.809524	-4.4
-4227.857143	-4.8
-4221.904762	-4
-4215.952381	-4.4
-4210	-4.4
-4204.047619	-4.4
-4198.095238	-4.4
-4192.142857	-4.4
-4186.190476	-4.4
-4180.238095	-4.8
-4174.285714	-4.4
-4168.333333	-4.8
-4162.380952	-4.4
-4156.428571	-4.4
-4150.47619	-4.4
-4144.52381	-4.4
-4138.571429	-4.8
-4132.619048	-4.4
-4126.666667	-4.4
-4120.714286	-4.4
-4114.761905	-4.4
-4108.809524	-4.4
-4102.857143	-4.8
-4096.904762	-4.8
-4090.952381	-4.8
-4085	-4.8
-4079.047619	-4.8
-4073.095238	-4.4
-4067.142857	-4.8
-4061.190476	-4.8
-4055.238095	-4.8
-4049.285714	-4.4
-4043.333333	-4.8
-4037.380952	-4.4
-4031.428571	-4.8
-4025.47619	-4.8
-4019.52381	-4.8
-4013.571429	-4.8
-4007.619048	-4.8
-4001.666667	-4.8
-3995.714286	-4.8
-3989.761905	-4.8
-3983.809524	-4.8
-3977.857143	-4.8
-3971.904762	-4.8
-3965.952381	-4.8
-3960	-4.4
-3954.047619	-4.8
-3948.095238	-4.8
-3942.142857	-4.8
-3936.190476	-4.8
-3930.238095	-4.8
-3924.285714	-4.8
-3918.333333	-4.8
-3912.380952	-4.8
-3906.428571	-4.8
-3900.47619	-4.8
-3894.52381	-4.8
-3888.571429	-4.8
-3882.619048	-4.8
-3876.666667	-4.8
-3870.714286	-4.8
-3864.761905	-4.8
-3858.809524	-4.8
-3852.857143	-4.8
-3846.904762	-4.8
-3840.952381	-4.8
-3835	-4.8
-3829.047619	-4.8
-3823.095238	-4.8
-3817.142857	-4.8
-3811.190476	-4.8
-3805.238095	-4.8
-3799.285714	-5.2
-3793.333333	-4.8
-3787.380952	-4.8
-3781.428571	-4.8
-3775.47619	-4.8
-3769.52381	-4.8
-3763.571429	-4.8
-3757.619048	-5.2
-3751.666667	-4.8
-3745.714286	-4.8
-3739.761905	-4.8
-3733.809524	-4.8
-3727.857143	-4.8
-3721.904762	-4.8
-3715.952381	-4.8
-3710	-5.2
-3704.047619	-4.8
-3698.095238	-5.2
-3692.142857	-5.2
-3686.190476	-4.8
-3680.238095	-5.2
-3674.285714	-5.2
-3668.333333	-5.2
-3662.380952	-5.2
-3656.428571	-4.8
-3650.47619	-5.2
-3644.52381	-5.2
-3638.571429	-5.2
-3632.619048	-5.2
-3626.666667	-5.2
-3620.714286	-5.2
-3614.761905	-5.2
-3608.809524	-4.8
-3602.857143	-5.2
-3596.904762	-5.2
-3590.952381	-5.2
-3585	-5.2
-3579.047619	-5.2
-3573.095238	-5.2
-3567.142857	-5.2
-3561.190476	-5.2
-3555.238095	-5.6
-3549.285714	-5.6
-3543.333333	-5.6
-3537.380952	-5.2
-3531.428571	-5.6
-3525.47619	-5.6
-3519.52381	-5.6
-3513.571429	-5.6
-3507.619048	-5.6
-3501.666667	-5.6
-3495.714286	-5.6
-3489.761905	-5.6
-3483.809524	-5.6
-3477.857143	-5.6
-3471.904762	-5.6
-3465.952381	-5.6
-3460	-5.6
-3454.047619	-5.6
-3448.095238	-5.6
-3442.142857	-5.6
-3436.190476	-5.6
-3430.238095	-5.6
-3424.285714	-5.6
-3418.333333	-5.6
-3412.380952	-5.6
-3406.428571	-5.6
-3400.47619	-6
-3394.52381	-5.6
-3388.571429	-5.6
-3382.619048	-6
-3376.666667	-6
-3370.714286	-6
-3364.761905	-6
-3358.809524	-6
-3352.857143	-6
-3346.904762	-5.6
-3340.952381	-5.6
-3335	-6
-3329.047619	-6
-3323.095238	-5.6
-3317.142857	-6
-3311.190476	-6
-3305.238095	-6
-3299.285714	-6
-3293.333333	-6
-3287.380952	-6
-3281.428571	-6
-3275.47619	-6
-3269.52381	-6
-3263.571429	-6
-3257.619048	-6
-3251.666667	-6
-3245.714286	-6
-3239.761905	-6
-3233.809524	-6
-3227.857143	-6
-3221.904762	-6
-3215.952381	-6
-3210	-6
-3204.047619	-6.4
-3198.095238	-6
-3192.142857	-6.4
-3186.190476	-6.4
-3180.238095	-6
-3174.285714	-6
-3168.333333	-6.4
-3162.380952	-6.4
-3156.428571	-6.4
-3150.47619	-6
-3144.52381	-6.4
-3138.571429	-6.4
-3132.619048	-6.4
-3126.666667	-6.4
-3120.714286	-6.4
-3114.761905	-6.4
-3108.809524	-6.4
-3102.857143	-6.4
-3096.904762	-6.4
-3090.952381	-6.4
-3085	-6.8
-3079.047619	-6.8
-3073.095238	-6.4
-3067.142857	-6.8
-3061.190476	-6.8
-3055.238095	-6.8
-3049.285714	-6.8
-3043.333333	-6.8
-3037.380952	-6.8
-3031.428571	-6.8
-3025.47619	-6.8
-3019.52381	-6.8
-3013.571429	-7.2
-3007.619048	-6.8
-3001.666667	-6.8
-2995.714286	-6.8
-2989.761905	-6.8
-2983.809524	-7.2
-2977.857143	-7.2
-2971.904762	-7.2
-2965.952381	-7.2
-2960	-7.2
-2954.047619	-7.2
-2948.095238	-7.2
-2942.142857	-7.2
-2936.190476	-7.2
-2930.238095	-7.2
-2924.285714	-7.2
-2918.333333	-7.2
-2912.380952	-7.2
-2906.428571	-7.6
-2900.47619	-7.2
-2894.52381	-7.2
-2888.571429	-7.2
-2882.619048	-7.2
-2876.666667	-7.6
-2870.714286	-7.6
-2864.761905	-7.6
-2858.809524	-7.6
-2852.857143	-7.6
-2846.904762	-7.6
-2840.952381	-8
-2835	-7.6
-2829.047619	-7.6
-2823.095238	-7.6
-2817.142857	-8
-2811.190476	-7.6
-2805.238095	-8
-2799.285714	-8
-2793.333333	-8
-2787.380952	-8
-2781.428571	-8
-2775.47619	-8
-2769.52381	-8
-2763.571429	-8
-2757.619048	-8
-2751.666667	-8.4
-2745.714286	-8.4
-2739.761905	-8
-2733.809524	-8
-2727.857143	-8.4
-2721.904762	-8.4
-2715.952381	-8.4
-2710	-8.4
-2704.047619	-8.8
-2698.095238	-8.4
-2692.142857	-8.4
-2686.190476	-8.4
-2680.238095	-8.8
-2674.285714	-8.4
-2668.333333	-8.8
-2662.380952	-8.8
-2656.428571	-8.8
-2650.47619	-8.8
-2644.52381	-8.8
-2638.571429	-9.2
-2632.619048	-9.2
-2626.666667	-9.2
-2620.714286	-8.8
-2614.761905	-9.2
-2608.809524	-8.8
-2602.857143	-9.2
-2596.904762	-8.8
-2590.952381	-9.2
-2585	-9.2
-2579.047619	-9.2
-2573.095238	-9.2
-2567.142857	-9.6
-2561.190476	-9.6
-2555.238095	-9.2
-2549.285714	-9.6
-2543.333333	-9.6
-2537.380952	-9.6
-2531.428571	-9.6
-2525.47619	-9.6
-2519.52381	-9.6
-2513.571429	-9.6
-2507.619048	-9.6
-2501.666667	-9.6
-2495.714286	-9.6
-2489.761905	-9.6
-2483.809524	-10
-2477.857143	-10
-2471.904762	-10
-2465.952381	-10
-2460	-10
-2454.047619	-10.4
-2448.095238	-10
-2442.142857	-10
-2436.190476	-10.4
-2430.238095	-10
-2424.285714	-10
-2418.333333	-10.4
-2412.380952	-10.4
-2406.428571	-10.4
-2400.47619	-10.8
-2394.52381	-10.8
-2388.571429	-10.8
-2382.619048	-10.8
-2376.666667	-10.8
-2370.714286	-10.8
-2364.761905	-10.8
-2358.809524	-10.8
-2352.857143	-11.2
-2346.904762	-11.2
-2340.952381	-11.2
-2335	-11.2
-2329.047619	-11.2
-2323.095238	-11.2
-2317.142857	-11.2
-2311.190476	-11.2
-2305.238095	-11.2
-2299.285714	-11.6
-2293.333333	-11.6
-2287.380952	-11.6
-2281.428571	-11.6
-2275.47619	-11.6
-2269.52381	-11.6
-2263.571429	-11.6
-2257.619048	-12
-2251.666667	-12
-2245.714286	-11.6
-2239.761905	-11.6
-2233.809524	-12
-2227.857143	-12
-2221.904762	-12
-2215.952381	-12
-2210	-12
-2204.047619	-12
-2198.095238	-12.4
-2192.142857	-12.4
-2186.190476	-12.4
-2180.238095	-12.4
-2174.285714	-12.4
-2168.333333	-12.4
-2162.380952	-12.4
-2156.428571	-12.4
-2150.47619	-12.4
-2144.52381	-12.8
-2138.571429	-12.8
-2132.619048	-12.8
-2126.666667	-12.8
-2120.714286	-12.8
-2114.761905	-12.8
-2108.809524	-12.8
-2102.857143	-12.8
-2096.904762	-13.2
-2090.952381	-13.2
-2085	-13.2
-2079.047619	-12.8
-2073.095238	-13.2
-2067.142857	-13.2
-2061.190476	-13.2
-2055.238095	-13.2
-2049.285714	-13.2
-2043.333333	-13.2
-2037.380952	-13.2
-2031.428571	-13.2
-2025.47619	-13.2
-2019.52381	-13.2
-2013.571429	-13.2
-2007.619048	-13.2
-2001.666667	-13.2
-1995.714286	-13.2
-1989.761905	-13.6
-1983.809524	-13.2
-1977.857143	-13.2
-1971.904762	-13.2
-1965.952381	-13.2
-1960	-13.2
-1954.047619	-13.2
-1948.095238	-13.2
-1942.142857	-13.2
-1936.190476	-13.2
-1930.238095	-13.2
-1924.285714	-13.2
-1918.333333	-13.2
-1912.380952	-13.2
-1906.428571	-13.2
-1900.47619	-13.2
-1894.52381	-13.2
-1888.571429	-13.2
-1882.619048	-13.2
-1876.666667	-13.2
-1870.714286	-12.8
-1864.761905	-13.2
-1858.809524	-12.8
-1852.857143	-12.8
-1846.904762	-12.8
-1840.952381	-12.8
-1835	-12.8
-1829.047619	-12.8
-1823.095238	-12.8
-1817.142857	-12.4
-1811.190476	-12.4
-1805.238095	-12.4
-1799.285714	-12.4
-1793.333333	-12
-1787.380952	-12
-1781.428571	-12
-1775.47619	-12
-1769.52381	-11.6
-1763.571429	-12
-1757.619048	-11.6
-1751.666667	-11.6
-1745.714286	-11.2
-1739.761905	-11.2
-1733.809524	-11.2
-1727.857143	-10.8
-1721.904762	-10.8
-1715.952381	-10.8
-1710	-10.8
-1704.047619	-10.4
-1698.095238	-10
-1692.142857	-10
-1686.190476	-10
-1680.238095	-10
-1674.285714	-9.6
-1668.333333	-9.6
-1662.380952	-9.6
-1656.428571	-9.2
-1650.47619	-9.2
-1644.52381	-8.8
-1638.571429	-8.8
-1632.619048	-8.4
-1626.666667	-8
-1620.714286	-8
-1614.761905	-8
-1608.809524	-7.6
-1602.857143	-7.2
-1596.904762	-7.2
-1590.952381	-7.2
-1585	-6.8
-1579.047619	-6.4
-1573.095238	-6.4
-1567.142857	-6
-1561.190476	-5.6
-1555.238095	-5.6
-1549.285714	-4.8
-1543.333333	-4.8
-1537.380952	-4.4
-1531.428571	-4.4
-1525.47619	-4
-1519.52381	-3.6
-1513.571429	-3.2
-1507.619048	-2.8
-1501.666667	-2.4
-1495.714286	-2.4
-1489.761905	-2
-1483.809524	-2
-1477.857143	-1.2
-1471.904762	-0.8
-1465.952381	-0.4
-1460	-0.4
-1454.047619	0
-1448.095238	0.4
-1442.142857	0.8
-1436.190476	1.2
-1430.238095	1.6
-1424.285714	2
-1418.333333	2.4
-1412.380952	2.8
-1406.428571	3.2
-1400.47619	3.6
-1394.52381	4
-1388.571429	4
-1382.619048	4.4
-1376.666667	4.8
-1370.714286	5.6
-1364.761905	6
-1358.809524	6
-1352.857143	6.8
-1346.904762	7.2
-1340.952381	7.6
-1335	8.4
-1329.047619	8.4
-1323.095238	9.2
-1317.142857	9.2
-1311.190476	9.6
-1305.238095	10
-1299.285714	10.4
-1293.333333	10.8
-1287.380952	11.2
-1281.428571	12
-1275.47619	12.4
-1269.52381	12.8
-1263.571429	13.2
-1257.619048	14
-1251.666667	14
-1245.714286	14.4
-1239.761905	15.2
-1233.809524	15.6
-1227.857143	16.4
-1221.904762	16.4
-1215.952381	17.2
-1210	17.2
-1204.047619	17.6
-1198.095238	18.4
-1192.142857	18.8
-1186.190476	19.2
-1180.238095	19.6
-1174.285714	20
-1168.333333	20.4
-1162.380952	20.8
-1156.428571	21.6
-1150.47619	21.6
-1144.52381	22.4
-1138.571429	22.8
-1132.619048	23.2
-1126.666667	23.6
-1120.714286	24
-1114.761905	24.4
-1108.809524	24.8
-1102.857143	25.2
-1096.904762	25.6
-1090.952381	26
-1085	26.4
-1079.047619	26.8
-1073.095238	27.2
-1067.142857	27.6
-1061.190476	28
-1055.238095	28.4
-1049.285714	28.8
-1043.333333	29.2
-1037.380952	29.6
-1031.428571	30
-1025.47619	30.4
-1019.52381	30.8
-1013.571429	31.2
-1007.619048	31.6
-1001.666667	31.6
-995.7142857	32
-989.7619048	32.4
-983.8095238	32.8
-977.8571429	33.2
-971.9047619	33.6
-965.952381	33.6
-960	34
-954.047619	34.4
-948.0952381	34.8
-942.1428571	35.2
-936.1904762	35.6
-930.2380952	35.6
-924.2857143	36
-918.3333333	36
-912.3809524	36.8
-906.4285714	36.8
-900.4761905	36.8
-894.5238095	37.2
-888.5714286	37.6
-882.6190476	38
-876.6666667	38
-870.7142857	38
-864.7619048	38.4
-858.8095238	38.4
-852.8571429	38.8
-846.9047619	38.8
-840.952381	39.2
-835	39.2
-829.047619	39.2
-823.0952381	39.6
-817.1428571	40
-811.1904762	40
-805.2380952	40
-799.2857143	40
-793.3333333	40.4
-787.3809524	40.4
-781.4285714	40.4
-775.4761905	40.4
-769.5238095	40.8
-763.5714286	40.8
-757.6190476	40.8
-751.6666667	41.2
-745.7142857	41.2
-739.7619048	40.8
-733.8095238	41.2
-727.8571429	41.2
-721.9047619	41.2
-715.952381	41.2
-710	41.2
-704.047619	41.2
-698.0952381	41.2
-692.1428571	41.2
-686.1904762	40.8
-680.2380952	41.2
-674.2857143	40.8
-668.3333333	40.8
-662.3809524	40.8
-656.4285714	40.4
-650.4761905	40.8
-644.5238095	40.4
-638.5714286	40.4
-632.6190476	40.4
-626.6666667	40.4
-620.7142857	40
-614.7619048	40
-608.8095238	40
-602.8571429	40
-596.9047619	39.6
-590.952381	39.6
-585	39.2
-579.047619	39.2
-573.0952381	38.8
-567.1428571	38.8
-561.1904762	38.4
-555.2380952	38.4
-549.2857143	38.4
-543.3333333	38.4
-537.3809524	37.6
-531.4285714	37.6
-525.4761905	37.6
-519.5238095	37.2
-513.5714286	36.8
-507.6190476	36.8
-501.6666667	36.4
-495.7142857	36
-489.7619048	36
-483.8095238	35.6
-477.8571429	35.2
-471.9047619	34.8
-465.952381	34.8
-460	34.4
-454.047619	34.4
-448.0952381	33.6
-442.1428571	33.6
-436.1904762	33.2
-430.2380952	32.8
-424.2857143	32.4
-418.3333333	32
-412.3809524	32
-406.4285714	31.6
-400.4761905	31.2
-394.5238095	30.8
-388.5714286	30.4
-382.6190476	30
-376.6666667	29.6
-370.7142857	29.6
-364.7619048	28.8
-358.8095238	28.8
-352.8571429	28
-346.9047619	28
-340.952381	27.6
-335	27.2
-329.047619	26.8
-323.0952381	26.4
-317.1428571	26
-311.1904762	25.6
-305.2380952	25.2
-299.2857143	24.8
-293.3333333	24.4
-287.3809524	24
-281.4285714	23.6
-275.4761905	23.2
-269.5238095	22.8
-263.5714286	22
-257.6190476	21.6
-251.6666667	21.6
-245.7142857	21.2
-239.7619048	20.4
-233.8095238	20
-227.8571429	19.6
-221.9047619	19.2
-215.952381	18.8
-210	18.4
-204.047619	18
-198.0952381	17.6
-192.1428571	17.2
-186.1904762	16.8
-180.2380952	16
-174.2857143	15.6
-168.3333333	15.2
-162.3809524	14.8
-156.4285714	14
-150.4761905	13.6
-144.5238095	13.2
-138.5714286	12.8
-132.6190476	12.4
-126.6666667	11.6
-120.7142857	11.2
-114.7619048	10.8
-108.8095238	10.4
-102.8571429	10
-96.9047619	9.6
-90.95238095	8.8
-85	8.4
-79.04761905	8
-73.0952381	7.6
-67.14285714	6.8
-61.19047619	6.8
-55.23809524	5.6
-49.28571429	5.2
-43.33333333	4.8
-37.38095238	4.4
-31.42857143	4
-25.47619048	3.2
-19.52380952	3.2
-13.57142857	2.4
-7.619047619	2
-1.666666667	1.6
4.285714286	0.8
10.23809524	0.4
16.19047619	0
22.14285714	-0.8
28.0952381	-1.2
34.04761905	-1.6
40	-2
45.95238095	-2.8
51.9047619	-3.2
57.85714286	-4
63.80952381	-4.4
69.76190476	-4.8
75.71428571	-5.2
81.66666667	-6
87.61904762	-6
93.57142857	-6.4
99.52380952	-7.2
105.4761905	-8
111.4285714	-8
117.3809524	-8.8
123.3333333	-9.2
129.2857143	-9.2
135.2380952	-10
141.1904762	-10.4
147.1428571	-10.8
153.0952381	-11.6
159.047619	-12
165	-12.4
170.952381	-13.2
176.9047619	-13.2
182.8571429	-14
188.8095238	-14.4
194.7619048	-15.2
200.7142857	-15.2
206.6666667	-16
212.6190476	-16.4
218.5714286	-16.8
224.5238095	-17.2
230.4761905	-17.6
236.4285714	-18
242.3809524	-18.4
248.3333333	-18.8
254.2857143	-19.6
260.2380952	-19.6
266.1904762	-20
272.1428571	-20.8
278.0952381	-21.2
284.047619	-21.6
290	-22
295.952381	-22.4
301.9047619	-22.8
307.8571429	-23.2
313.8095238	-23.6
319.7619048	-23.6
325.7142857	-24.4
331.6666667	-24.8
337.6190476	-25.2
343.5714286	-25.6
349.5238095	-26
355.4761905	-26
361.4285714	-26.8
367.3809524	-27.2
373.3333333	-27.6
379.2857143	-27.6
385.2380952	-28.4
391.1904762	-28.4
397.1428571	-28.8
403.0952381	-29.2
409.047619	-29.6
415	-30
420.952381	-30.4
426.9047619	-30.8
432.8571429	-31.2
438.8095238	-31.2
444.7619048	-31.6
450.7142857	-32
456.6666667	-32.4
462.6190476	-32.4
468.5714286	-32.8
474.5238095	-33.2
480.4761905	-33.6
486.4285714	-33.6
492.3809524	-34
498.3333333	-34.8
504.2857143	-34.8
510.2380952	-34.8
516.1904762	-35.2
522.1428571	-35.6
528.0952381	-35.6
534.047619	-36
540	-36.4
545.952381	-36.8
551.9047619	-36.8
557.8571429	-36.8
563.8095238	-37.2
569.7619048	-37.6
575.7142857	-37.6
581.6666667	-37.6
587.6190476	-38
593.5714286	-38.4
599.5238095	-38.4
605.4761905	-38.8
611.4285714	-38.8
617.3809524	-39.2
623.3333333	-39.2
629.2857143	-39.6
635.2380952	-39.6
641.1904762	-39.6
647.1428571	-39.6
653.0952381	-40
659.047619	-40.4
665	-40.4
670.952381	-40.4
676.9047619	-40.8
682.8571429	-40.8
688.8095238	-40.8
694.7619048	-40.8
700.7142857	-41.2
706.6666667	-41.2
712.6190476	-41.6
718.5714286	-41.2
724.5238095	-41.6
730.4761905	-41.6
736.4285714	-41.6
742.3809524	-41.6
748.3333333	-41.6
754.2857143	-41.6
760.2380952	-41.6
766.1904762	-42
772.1428571	-42
778.0952381	-42
784.047619	-42
790	-42
795.952381	-42
801.9047619	-42
807.8571429	-42
813.8095238	-42
819.7619048	-42
825.7142857	-42
831.6666667	-42
837.6190476	-41.6
843.5714286	-42
849.5238095	-42
855.4761905	-42
861.4285714	-42
867.3809524	-41.6
873.3333333	-41.6
879.2857143	-41.6
885.2380952	-41.6
891.1904762	-41.6
897.1428571	-41.2
903.0952381	-41.2
909.047619	-41.2
915	-41.2
920.952381	-40.8
926.9047619	-40.8
932.8571429	-40.8
938.8095238	-40.4
944.7619048	-40.4
950.7142857	-40.4
956.6666667	-40.4
962.6190476	-40
968.5714286	-40
974.5238095	-39.6
980.4761905	-39.2
986.4285714	-39.2
992.3809524	-38.8
998.3333333	-38.8
1004.285714	-38.8
1010.238095	-38.8
1016.190476	-38.4
1022.142857	-38
1028.095238	-37.6
1034.047619	-37.6
1040	-37.2
1045.952381	-37.2
1051.904762	-37.2
1057.857143	-36.8
1063.809524	-36.8
1069.761905	-36.4
1075.714286	-36.4
1081.666667	-35.6
1087.619048	-35.6
1093.571429	-35.6
1099.52381	-35.2
1105.47619	-34.8
1111.428571	-34.8
1117.380952	-34.4
1123.333333	-34
1129.285714	-34
1135.238095	-33.6
1141.190476	-33.2
1147.142857	-32.8
1153.095238	-32.8
1159.047619	-32.4
1165	-32
1170.952381	-32
1176.904762	-31.6
1182.857143	-31.2
1188.809524	-30.4
1194.761905	-30.4
1200.714286	-30
1206.666667	-29.6
1212.619048	-29.6
1218.571429	-29.2
1224.52381	-28.8
1230.47619	-28.4
1236.428571	-28
1242.380952	-27.6
1248.333333	-27.2
1254.285714	-27.2
1260.238095	-26.4
1266.190476	-26.4
1272.142857	-25.6
1278.095238	-25.6
1284.047619	-25.2
1290	-25.2
1295.952381	-24.4
1301.904762	-24
1307.857143	-23.6
1313.809524	-23.6
1319.761905	-23.2
1325.714286	-22.8
1331.666667	-22.4
1337.619048	-22
1343.571429	-21.6
1349.52381	-21.2
1355.47619	-20.8
1361.428571	-20.4
1367.380952	-20
1373.333333	-19.6
1379.285714	-19.6
1385.238095	-18.8
1391.190476	-18.4
1397.142857	-18.4
1403.095238	-18
1409.047619	-17.2
1415	-16.8
1420.952381	-16.8
1426.904762	-16.4
1432.857143	-16
1438.809524	-15.6
1444.761905	-15.2
1450.714286	-14.8
1456.666667	-14.4
1462.619048	-14
1468.571429	-14
1474.52381	-13.2
1480.47619	-13.2
1486.428571	-12.4
1492.380952	-12.4
1498.333333	-12
1504.285714	-11.2
1510.238095	-11.2
1516.190476	-10.8
1522.142857	-10.4
1528.095238	-10
1534.047619	-9.6
1540	-9.2
1545.952381	-9.2
1551.904762	-8.8
1557.857143	-8.4
1563.809524	-8
1569.761905	-8
1575.714286	-7.2
1581.666667	-7.2
1587.619048	-6.4
1593.571429	-6.4
1599.52381	-6
1605.47619	-5.6
1611.428571	-5.6
1617.380952	-5.2
1623.333333	-4.8
1629.285714	-4.4
1635.238095	-4.4
1641.190476	-3.6
1647.142857	-3.2
1653.095238	-2.8
1659.047619	-2.8
1665	-2.4
1670.952381	-2
1676.904762	-2
1682.857143	-1.6
1688.809524	-1.2
1694.761905	-0.8
1700.714286	-0.8
1706.666667	-0.4
1712.619048	0
1718.571429	0
1724.52381	0.4
1730.47619	0.4
1736.428571	0.8
1742.380952	1.2
1748.333333	1.2
1754.285714	1.6
1760.238095	1.6
1766.190476	2.4
1772.142857	2.4
1778.095238	2.8
1784.047619	2.8
1790	3.2
1795.952381	3.6
1801.904762	3.6
1807.857143	4
1813.809524	4
1819.761905	4.4
1825.714286	4.4
1831.666667	4.4
1837.619048	4.4
1843.571429	4.8
1849.52381	5.2
1855.47619	5.2
1861.428571	5.2
1867.380952	5.6
1873.333333	6
1879.285714	6
1885.238095	6.4
1891.190476	6.4
1897.142857	6.8
1903.095238	6.8
1909.047619	7.2
1915	7.2
1920.952381	7.6
1926.904762	7.6
1932.857143	8
1938.809524	8
1944.761905	8
1950.714286	8.4
1956.666667	8.4
1962.619048	8.4
1968.571429	8.8
1974.52381	8.8
1980.47619	9.2
1986.428571	9.2
1992.380952	9.2
1998.333333	9.6
2004.285714	9.6
2010.238095	9.6
2016.190476	9.6
2022.142857	9.6
2028.095238	10
2034.047619	10
2040	10.4
2045.952381	10.4
2051.904762	10.4
2057.857143	10.4
2063.809524	10.8
2069.761905	10.8
2075.714286	10.8
2081.666667	10.8
2087.619048	10.8
2093.571429	10.8
2099.52381	10.8
2105.47619	10.8
2111.428571	11.2
2117.380952	11.2
2123.333333	11.2
2129.285714	11.2
2135.238095	11.2
2141.190476	11.2
2147.142857	11.6
2153.095238	11.6
2159.047619	12
2165	11.6
2170.952381	12
2176.904762	12
2182.857143	12
2188.809524	12
2194.761905	12.4
2200.714286	12
2206.666667	12
2212.619048	12
2218.571429	12.4
2224.52381	12
2230.47619	12
2236.428571	12.4
2242.380952	12.4
2248.333333	12.4
2254.285714	12.4
2260.238095	12.4
2266.190476	12.4
2272.142857	12.4
2278.095238	12.8
2284.047619	12.8
2290	12.4
2295.952381	12.4
2301.904762	12.8
2307.857143	12.8
2313.809524	12.8
2319.761905	12.8
2325.714286	12.4
2331.666667	12.4
2337.619048	12.8
2343.571429	12.8
2349.52381	12.4
2355.47619	12.8
2361.428571	12.8
2367.380952	12.4
2373.333333	12.4
2379.285714	12.4
2385.238095	12.8
2391.190476	12.8
2397.142857	12.8
2403.095238	12.4
2409.047619	12.8
2415	12.4
2420.952381	12.8
2426.904762	12.4
2432.857143	12.4
2438.809524	12.4
2444.761905	12.4
2450.714286	12.4
2456.666667	12.4
2462.619048	12.4
2468.571429	12.4
2474.52381	12.4
2480.47619	12.4
2486.428571	12.4
2492.380952	12.4
2498.333333	12.4
2504.285714	12.4
2510.238095	12.4
2516.190476	12.4
2522.142857	12.4
2528.095238	12.4
2534.047619	12.4
2540	12
2545.952381	12.4
2551.904762	12
2557.857143	12.4
2563.809524	12
2569.761905	12
2575.714286	12
2581.666667	12
2587.619048	12
2593.571429	12
2599.52381	12
2605.47619	12
2611.428571	12
2617.380952	12
2623.333333	11.6
2629.285714	12
2635.238095	12
2641.190476	12
2647.142857	12
2653.095238	11.6
2659.047619	11.6
2665	11.6
2670.952381	11.6
2676.904762	11.6
2682.857143	11.6
2688.809524	11.6
2694.761905	11.2
2700.714286	11.6
2706.666667	11.2
2712.619048	11.2
2718.571429	11.6
2724.52381	11.2
2730.47619	11.2
2736.428571	11.2
2742.380952	11.2
2748.333333	11.2
2754.285714	11.2
2760.238095	11.2
2766.190476	11.2
2772.142857	11.2
2778.095238	11.2
2784.047619	11.2
2790	10.8
2795.952381	10.8
2801.904762	11.2
2807.857143	11.2
2813.809524	10.8
2819.761905	10.8
2825.714286	10.8
2831.666667	10.8
2837.619048	10.8
2843.571429	10.8
2849.52381	10.8
2855.47619	10.8
2861.428571	10.8
2867.380952	10.4
2873.333333	10.4
2879.285714	10.8
2885.238095	10.8
2891.190476	10.4
2897.142857	10.4
2903.095238	10.4
2909.047619	10.4
2915	10.4
2920.952381	10.4
2926.904762	10.4
2932.857143	10.4
2938.809524	10.4
2944.761905	10.4
2950.714286	10
2956.666667	10
2962.619048	10
2968.571429	10
2974.52381	10
2980.47619	10
2986.428571	10
2992.380952	10
2998.333333	10
3004.285714	9.6
3010.238095	9.6
3016.190476	9.6
3022.142857	10
3028.095238	9.6
3034.047619	9.6
3040	9.6
3045.952381	9.6
3051.904762	9.6
3057.857143	9.2
3063.809524	9.6
3069.761905	9.2
3075.714286	9.2
3081.666667	9.6
3087.619048	9.2
3093.571429	9.2
3099.52381	9.2
3105.47619	9.2
3111.428571	9.2
3117.380952	9.2
3123.333333	9.2
3129.285714	9.2
3135.238095	9.2
3141.190476	9.2
3147.142857	8.8
3153.095238	8.8
3159.047619	8.8
3165	8.8
3170.952381	8.8
3176.904762	8.8
3182.857143	8.8
3188.809524	8.8
3194.761905	8.8
3200.714286	8.8
3206.666667	8.8
3212.619048	8.4
3218.571429	8.8
3224.52381	8.4
3230.47619	8.4
3236.428571	8.8
3242.380952	8.4
3248.333333	8.4
3254.285714	8.4
3260.238095	8.4
3266.190476	8.4
3272.142857	8.4
3278.095238	8
3284.047619	8
3290	8.4
3295.952381	8.4
3301.904762	8
3307.857143	8
3313.809524	8.4
3319.761905	8
3325.714286	8
3331.666667	8
3337.619048	8
3343.571429	8
3349.52381	8
3355.47619	8
3361.428571	8
3367.380952	7.6
3373.333333	7.6
3379.285714	8.4
3385.238095	8
3391.190476	7.6
3397.142857	7.6
3403.095238	8
3409.047619	7.6
3415	7.6
3420.952381	8
3426.904762	7.6
3432.857143	7.6
3438.809524	7.6
3444.761905	7.6
3450.714286	7.6
3456.666667	7.2
3462.619048	7.2
3468.571429	7.6
3474.52381	7.6
3480.47619	7.2
3486.428571	7.6
3492.380952	7.6
3498.333333	7.6
3504.285714	7.2
3510.238095	7.2
3516.190476	7.2
3522.142857	7.2
3528.095238	7.2
3534.047619	7.6
3540	7.2
3545.952381	7.2
3551.904762	7.2
3557.857143	7.2
3563.809524	7.2
3569.761905	7.2
3575.714286	7.2
3581.666667	7.2
3587.619048	6.8
3593.571429	7.2
3599.52381	7.2
3605.47619	7.2
3611.428571	6.8
3617.380952	6.8
3623.333333	6.8
3629.285714	7.2
3635.238095	6.8
3641.190476	6.8
3647.142857	6.8
3653.095238	6.8
3659.047619	6.8
3665	6.8
3670.952381	6.8
3676.904762	6.8
3682.857143	6.4
3688.809524	6.8
3694.761905	6.8
3700.714286	6.8
3706.666667	6.4
3712.619048	6.4
3718.571429	6.4
3724.52381	6.4
3730.47619	6.8
3736.428571	6.8
3742.380952	6.4
3748.333333	6.4
3754.285714	6.4
3760.238095	6.8
3766.190476	6.8
3772.142857	6.4
3778.095238	6.4
3784.047619	6.4
3790	6.4
3795.952381	6.4
3801.904762	6.4
3807.857143	6.4
3813.809524	6.4
3819.761905	6.4
3825.714286	6.4
3831.666667	6.4
3837.619048	6.4
3843.571429	6.4
3849.52381	6.4
3855.47619	6.4
3861.428571	6.4
3867.380952	6.4
3873.333333	6.4
3879.285714	6.4
3885.238095	6.4
3891.190476	6.4
3897.142857	6.4
3903.095238	6
3909.047619	6.4
3915	6.4
3920.952381	6.4
3926.904762	6
3932.857143	6
3938.809524	6
3944.761905	6
3950.714286	6
3956.666667	6
3962.619048	6
3968.571429	6
3974.52381	6
3980.47619	6
3986.428571	6
3992.380952	6
3998.333333	6.4
4004.285714	6.4
4010.238095	6
4016.190476	6
4022.142857	6
4028.095238	6
4034.047619	6
4040	6
4045.952381	6
4051.904762	6
4057.857143	6
4063.809524	6
4069.761905	5.6
4075.714286	6
4081.666667	6
4087.619048	6
4093.571429	5.6
4099.52381	6
4105.47619	6
4111.428571	6
4117.380952	6
4123.333333	6
4129.285714	5.6
4135.238095	5.6
4141.190476	5.6
4147.142857	6
4153.095238	5.6
4159.047619	5.6
4165	5.6
4170.952381	5.6
4176.904762	5.6
4182.857143	5.6
4188.809524	6
4194.761905	6
4200.714286	5.6
4206.666667	5.6
4212.619048	5.6
4218.571429	5.6
4224.52381	6
4230.47619	6
4236.428571	5.6
4242.380952	5.6
4248.333333	5.6
4254.285714	5.6
4260.238095	5.6
4266.190476	5.6
4272.142857	5.6
4278.095238	5.6
4284.047619	5.6
4290	5.6
4295.952381	5.6
4301.904762	5.6
4307.857143	5.6
4313.809524	5.6
4319.761905	5.2
4325.714286	5.6
4331.666667	5.6
4337.619048	5.6
4343.571429	5.6
4349.52381	5.6
4355.47619	5.2
4361.428571	5.2
4367.380952	5.6
4373.333333	5.2
4379.285714	5.2
4385.238095	5.2
4391.190476	5.6
4397.142857	5.6
4403.095238	5.6
4409.047619	5.6
4415	5.2
4420.952381	5.2
4426.904762	5.2
4432.857143	5.6
4438.809524	5.2
4444.761905	5.2
4450.714286	5.2
4456.666667	5.2
4462.619048	5.6
4468.571429	5.2
4474.52381	5.2
4480.47619	5.2
4486.428571	5.6
4492.380952	5.2
4498.333333	5.2
4504.285714	5.2
4510.238095	5.2
4516.190476	5.2
4522.142857	5.2
4528.095238	5.2
4534.047619	5.2
4540	5.2
4545.952381	5.2
4551.904762	5.2
4557.857143	5.2
4563.809524	5.2
4569.761905	5.2
4575.714286	5.2
4581.666667	5.2
4587.619048	5.2
4593.571429	5.2
4599.52381	5.2
4605.47619	5.2
4611.428571	5.2
4617.380952	5.2
4623.333333	5.2
4629.285714	5.2
4635.238095	5.2
4641.190476	5.2
4647.142857	5.2
4653.095238	5.2
4659.047619	5.2
4665	5.2
4670.952381	5.2
4676.904762	5.2
4682.857143	5.2
4688.809524	5.2
4694.761905	5.2
4700.714286	5.2
4706.666667	5.2
4712.619048	5.2
4718.571429	5.2
4724.52381	5.2
4730.47619	5.2
4736.428571	5.2
4742.380952	5.2
4748.333333	5.2
4754.285714	5.2
4760.238095	5.2
4766.190476	5.2
4772.142857	5.2
4778.095238	5.2
4784.047619	5.2
4790	5.2
4795.952381	4.8
4801.904762	5.2
4807.857143	5.2
4813.809524	5.2
4819.761905	5.2
4825.714286	5.2
4831.666667	4.8
4837.619048	5.2
4843.571429	4.8
4849.52381	5.2
4855.47619	5.2
4861.428571	4.8
4867.380952	4.8
4873.333333	5.2
4879.285714	5.2
4885.238095	5.2
4891.190476	4.8
4897.142857	4.8
4903.095238	4.8
4909.047619	5.2
4915	5.2
4920.952381	5.2
4926.904762	4.8
4932.857143	4.8
4938.809524	5.2
4944.761905	5.2
4950.714286	5.2
4956.666667	5.2
4962.619048	4.8
4968.571429	4.8
4974.52381	4.8
4980.47619	4.8
4986.428571	4.8
4992.380952	4.8
4998.333333	4.8
5004.285714	4.8
5010.238095	5.2
5016.190476	4.8
5022.142857	5.2
5028.095238	4.8
5034.047619	4.4
5040	4.8
5045.952381	4.8
5051.904762	4.8
5057.857143	4.8
5063.809524	4.8
5069.761905	4.8
5075.714286	4.8
5081.666667	4.8
5087.619048	4.8
5093.571429	4.8
5099.52381	5.2
5105.47619	4.8
5111.428571	4.8
5117.380952	4.8
5123.333333	5.2
5129.285714	4.8
5135.238095	4.8
5141.190476	4.8
5147.142857	5.2
5153.095238	4.8
5159.047619	4.8
5165	4.8
5170.952381	4.4
5176.904762	4.8
5182.857143	4.8
5188.809524	4.8
5194.761905	4.8
5200.714286	4.4
5206.666667	4.8
5212.619048	4.8
5218.571429	4.4
5224.52381	4.8
5230.47619	4.8
5236.428571	4.8
5242.380952	4.4
5248.333333	4.4
5254.285714	4.8
5260.238095	4.4
5266.190476	4.8
5272.142857	4.8
5278.095238	4.8
5284.047619	4.8
5290	4.8
5295.952381	4.8
5301.904762	4.8
5307.857143	4.8
5313.809524	4.4
5319.761905	4.8
5325.714286	4.8
5331.666667	4.8
5337.619048	4.4
5343.571429	4.4
5349.52381	4.8
5355.47619	4.4
5361.428571	4.8
5367.380952	4.8
5373.333333	4.8
5379.285714	4.8
5385.238095	4.4
5391.190476	4.4
5397.142857	4.4
5403.095238	4.4
5409.047619	4.8
5415	4.8
5420.952381	4.4
5426.904762	4.4
5432.857143	4.4
5438.809524	4.8
5444.761905	4.4
5450.714286	4.8
5456.666667	4.4
5462.619048	4.4
5468.571429	4.4
5474.52381	4.4
5480.47619	4.4
5486.428571	4.4
5492.380952	4.8
5498.333333	4.4
5504.285714	4.8
5510.238095	4.8
5516.190476	4.8
5522.142857	4.4
5528.095238	4.4
5534.047619	4.4
5540	4.4
5545.952381	4.4
5551.904762	4.4
5557.857143	4.8
5563.809524	4.4
5569.761905	4.4
5575.714286	4.4
5581.666667	4.4
5587.619048	4.4
5593.571429	4.4
5599.52381	4.4
5605.47619	4.4
5611.428571	4.4
5617.380952	4.4
5623.333333	4.4
5629.285714	4.4
5635.238095	4.4
5641.190476	4.4
5647.142857	4.4
5653.095238	4.4
5659.047619	4.4
5665	4.4
5670.952381	4.4
5676.904762	4.4
5682.857143	4.4
5688.809524	4.4
5694.761905	4.4
5700.714286	4.4
5706.666667	4.4
5712.619048	4.4
5718.571429	4.4
5724.52381	4.4
5730.47619	4.4
5736.428571	4.4
5742.380952	4.4
5748.333333	4.4
5754.285714	4.4
5760.238095	4.4
5766.190476	4.4
5772.142857	4.4
5778.095238	4.4
5784.047619	4.4
5790	4.4
5795.952381	4.4
5801.904762	4.4
5807.857143	4.4
5813.809524	4.4
5819.761905	4.4
5825.714286	4.4
5831.666667	4.4
5837.619048	4.4
5843.571429	4.4
5849.52381	4.4
5855.47619	4.4
5861.428571	4.4
5867.380952	4
5873.333333	4
5879.285714	4.4
5885.238095	4.4
5891.190476	4.4
5897.142857	4.4
5903.095238	4.4
5909.047619	4.4
5915	4.4
5920.952381	4.4
5926.904762	4.4
5932.857143	4.4
5938.809524	4.4
5944.761905	4.4
5950.714286	4.4
5956.666667	4.4
5962.619048	4.4
5968.571429	4.4
5974.52381	4.4
5980.47619	4.4
5986.428571	4.4
5992.380952	4.4
5998.333333	4.4
6004.285714	4.4
6010.238095	4.4
6016.190476	4.4
6022.142857	4.4
6028.095238	4
6034.047619	4.4
6040	4.4
6045.952381	4.4
6051.904762	4.4
6057.857143	4.4
6063.809524	4.4
6069.761905	4.4
6075.714286	4.4
6081.666667	4
6087.619048	4.4
6093.571429	4.4
6099.52381	4
6105.47619	4.4
6111.428571	4.4
6117.380952	4.4
6123.333333	4.4
6129.285714	4.4
6135.238095	4.4
6141.190476	4
6147.142857	4.4
6153.095238	4.4
6159.047619	4.4
6165	4.4
6170.952381	4
6176.904762	4.4
6182.857143	4
6188.809524	4.4
6194.761905	4.4
6200.714286	4.4
6206.666667	4.4
6212.619048	4.4
6218.571429	4.4
6224.52381	4.4
6230.47619	4
6236.428571	4.4
6242.380952	4.4
6248.333333	4
6254.285714	4.4
6260.238095	4.4
6266.190476	4.4
6272.142857	4
6278.095238	4.4
6284.047619	4.4
6290	4.4
6295.952381	4
6301.904762	4.4
6307.857143	4
6313.809524	4.4
6319.761905	4.4
6325.714286	4
6331.666667	4
6337.619048	4.4
6343.571429	4.4
6349.52381	4.4
6355.47619	4
6361.428571	4.4
6367.380952	4
6373.333333	4.4
6379.285714	4.4
6385.238095	4
6391.190476	4
6397.142857	4.4
6403.095238	4
6409.047619	4.4
6415	4.4
6420.952381	4.4
6426.904762	4.4
6432.857143	4
6438.809524	4
6444.761905	4
6450.714286	4
6456.666667	4
6462.619048	4
6468.571429	4.4
6474.52381	4.4
6480.47619	4
6486.428571	4.4
6492.380952	4
6498.333333	4
6504.285714	4.4
6510.238095	4
6516.190476	4.4
6522.142857	4
6528.095238	4.4
6534.047619	4.4
6540	4.4
6545.952381	4
6551.904762	4
6557.857143	4
6563.809524	4
6569.761905	4
6575.714286	4
6581.666667	4
6587.619048	4
6593.571429	4
6599.52381	4
6605.47619	4
6611.428571	4.4
6617.380952	4
6623.333333	4
6629.285714	4
6635.238095	4
6641.190476	4
6647.142857	4
6653.095238	4
6659.047619	4
6665	4
6670.952381	4
6676.904762	4.4
6682.857143	4
6688.809524	4.4
6694.761905	4
6700.714286	4
6706.666667	4
6712.619048	4
6718.571429	4
6724.52381	4.4
6730.47619	4
6736.428571	4
6742.380952	4
6748.333333	4.4
6754.285714	4.4
6760.238095	4
6766.190476	4
6772.142857	4
6778.095238	4.4
6784.047619	4
6790	4
6795.952381	4
6801.904762	4.4
6807.857143	4.4
6813.809524	4
6819.761905	4.4
6825.714286	4
6831.666667	4
6837.619048	4
6843.571429	4
6849.52381	4
6855.47619	4
6861.428571	4.4
6867.380952	4
6873.333333	4
6879.285714	4
6885.238095	4
6891.190476	4
6897.142857	4.4
6903.095238	4
6909.047619	4
6915	4
6920.952381	4
6926.904762	4
6932.857143	4
6938.809524	4
6944.761905	4.4
6950.714286	4
6956.666667	4
6962.619048	4
6968.571429	4
6974.52381	4
6980.47619	4
6986.428571	4
6992.380952	4
6998.333333	4
7004.285714	4.4
7010.238095	4.4
7016.190476	4
7022.142857	4
7028.095238	4
7034.047619	4
7040	4
7045.952381	4.4
7051.904762	4
7057.857143	4.4
7063.809524	4
7069.761905	4
7075.714286	4
7081.666667	4
7087.619048	4
7093.571429	4
7099.52381	4
7105.47619	4.4
7111.428571	4
7117.380952	4
7123.333333	4
7129.285714	4
7135.238095	4
7141.190476	4
7147.142857	4
7153.095238	4
7159.047619	4
7165	4
7170.952381	4
7176.904762	4
7182.857143	4.4
7188.809524	4.4
7194.761905	4
7200.714286	4
7206.666667	4.4
7212.619048	4
7218.571429	4
7224.52381	4
7230.47619	4
7236.428571	4
7242.380952	4
7248.333333	4
7254.285714	4
7260.238095	4
7266.190476	4
7272.142857	4
7278.095238	4
7284.047619	4
7290	4
7295.952381	4
7301.904762	4
7307.857143	4
7313.809524	4
7319.761905	4
7325.714286	4
7331.666667	4
7337.619048	4
7343.571429	4
7349.52381	4
7355.47619	4
7361.428571	4
7367.380952	4
7373.333333	4
7379.285714	4
7385.238095	4
7391.190476	4
7397.142857	4
7403.095238	4
7409.047619	4
7415	4
7420.952381	4
7426.904762	4
7432.857143	4
7438.809524	4
7444.761905	4
7450.714286	4.4
7456.666667	4
7462.619048	4
7468.571429	4
7474.52381	4
7480.47619	4
7486.428571	4
7492.380952	4
7498.333333	4
7504.285714	4
7510.238095	4
7516.190476	4
7522.142857	4
7528.095238	4
7534.047619	4
7540	4
7545.952381	4
7551.904762	4
7557.857143	4
7563.809524	4
7569.761905	4
7575.714286	4
7581.666667	4
7587.619048	4
7593.571429	4
7599.52381	4.4
7605.47619	4
7611.428571	4
7617.380952	4
7623.333333	4
7629.285714	4
7635.238095	4
7641.190476	4
7647.142857	4
7653.095238	4
7659.047619	4
7665	4
7670.952381	4
7676.904762	4
7682.857143	4
7688.809524	4
7694.761905	4
7700.714286	4
7706.666667	4
7712.619048	4
7718.571429	4
7724.52381	4
7730.47619	4
7736.428571	4
7742.380952	4
7748.333333	4
7754.285714	4
7760.238095	4
7766.190476	4
7772.142857	4
7778.095238	4
7784.047619	4
7790	4
7795.952381	4
7801.904762	4
7807.857143	4
7813.809524	4
7819.761905	4
7825.714286	4
7831.666667	4
7837.619048	4
7843.571429	4
7849.52381	4
7855.47619	4
7861.428571	4
7867.380952	4
7873.333333	4
7879.285714	4
7885.238095	4
7891.190476	4
7897.142857	4
7903.095238	4
7909.047619	4
7915	4
7920.952381	4
7926.904762	4
7932.857143	4
7938.809524	4
7944.761905	4
7950.714286	4
7956.666667	4
7962.619048	4
7968.571429	4
7974.52381	4
7980.47619	4
7986.428571	4
7992.380952	4
7998.333333	4
8004.285714	4
8010.238095	4
8016.190476	4
8022.142857	4
8028.095238	4
8034.047619	4
8040	4
8045.952381	4
8051.904762	4
8057.857143	4
8063.809524	4
8069.761905	4
8075.714286	4
8081.666667	4
8087.619048	3.6
8093.571429	3.6
8099.52381	4
8105.47619	4
8111.428571	4
8117.380952	4
8123.333333	4
8129.285714	4
8135.238095	4
8141.190476	4
8147.142857	4
8153.095238	4
8159.047619	4
8165	4
8170.952381	4
8176.904762	4
8182.857143	4
8188.809524	4
8194.761905	4
8200.714286	4
8206.666667	4
8212.619048	4
8218.571429	4
8224.52381	4
8230.47619	4
8236.428571	4
8242.380952	3.6
8248.333333	4
8254.285714	4
8260.238095	3.6
8266.190476	3.6
8272.142857	4
8278.095238	4
8284.047619	4
8290	4
8295.952381	4
8301.904762	4
8307.857143	4
8313.809524	4
8319.761905	4
8325.714286	4
8331.666667	4
8337.619048	4
8343.571429	4
8349.52381	4
8355.47619	4
8361.428571	4
8367.380952	4
8373.333333	4
8379.285714	3.6
8385.238095	4
8391.190476	4
8397.142857	4
8403.095238	4
8409.047619	3.6
8415	4
8420.952381	4
8426.904762	4
8432.857143	4
8438.809524	4
8444.761905	4
8450.714286	3.6
8456.666667	4
8462.619048	4
8468.571429	4
8474.52381	4
8480.47619	4
8486.428571	4
8492.380952	4
8498.333333	4
8504.285714	3.6
8510.238095	4
8516.190476	4
8522.142857	4
8528.095238	4
8534.047619	4
8540	4
8545.952381	4
8551.904762	4
8557.857143	4
8563.809524	4
8569.761905	4
8575.714286	4
8581.666667	4
8587.619048	4
8593.571429	4
8599.52381	4
8605.47619	4
8611.428571	4
8617.380952	4
8623.333333	3.6
8629.285714	4
8635.238095	3.6
8641.190476	4
8647.142857	3.6
8653.095238	3.6
8659.047619	4
8665	3.6
8670.952381	3.6
8676.904762	4
8682.857143	4
8688.809524	4
8694.761905	4
8700.714286	4
8706.666667	4
8712.619048	4
8718.571429	4
8724.52381	4
8730.47619	4
8736.428571	3.6
8742.380952	3.6
8748.333333	4
8754.285714	3.6
8760.238095	4
8766.190476	3.6
8772.142857	4
8778.095238	4
8784.047619	4
8790	4
8795.952381	4
8801.904762	4
8807.857143	3.6
8813.809524	3.6
8819.761905	3.6
8825.714286	3.6
8831.666667	4
8837.619048	4
8843.571429	4
8849.52381	4
8855.47619	4
8861.428571	3.6
8867.380952	3.6
8873.333333	4
8879.285714	3.6
8885.238095	3.6
8891.190476	3.6
8897.142857	4
8903.095238	4
8909.047619	4
8915	4
8920.952381	4
8926.904762	4
8932.857143	3.6
8938.809524	3.6
8944.761905	3.6
8950.714286	4
8956.666667	3.6
8962.619048	3.6
8968.571429	4
8974.52381	4
