-1969.879518	5.1
-1967.871486	5.1
-1965.863454	5.1
-1963.855422	5.1
-1961.84739	5.1
-1959.839357	5.1
-1957.831325	5.1
-1955.823293	5.1
-1953.815261	5.1
-1951.807229	5.1
-1949.799197	5.1
-1947.791165	5.1
-1945.783133	5.1
-1943.7751	5.1
-1941.767068	5.1
-1939.759036	5.18
-1937.751004	5.18
-1935.742972	5.1
-1933.73494	5.18
-1931.726908	5.1
-1929.718876	5.18
-1927.710843	5.18
-1925.702811	5.1
-1923.694779	5.18
-1921.686747	5.1
-1919.678715	5.18
-1917.670683	5.18
-1915.662651	5.18
-1913.654618	5.18
-1911.646586	5.18
-1909.638554	5.18
-1907.630522	5.18
-1905.62249	5.18
-1903.614458	5.18
-1901.606426	5.18
-1899.598394	5.18
-1897.590361	5.18
-1895.582329	5.18
-1893.574297	5.18
-1891.566265	5.18
-1889.558233	5.18
-1887.550201	5.18
-1885.542169	5.18
-1883.534137	5.18
-1881.526104	5.18
-1879.518072	5.18
-1877.51004	5.18
-1875.502008	5.18
-1873.493976	5.18
-1871.485944	5.18
-1869.477912	5.18
-1867.46988	5.18
-1865.461847	5.18
-1863.453815	5.18
-1861.445783	5.18
-1859.437751	5.18
-1857.429719	5.18
-1855.421687	5.18
-1853.413655	5.18
-1851.405622	5.18
-1849.39759	5.18
-1847.389558	5.18
-1845.381526	5.18
-1843.373494	5.18
-1841.365462	5.18
-1839.35743	5.18
-1837.349398	5.18
-1835.341365	5.18
-1833.333333	5.18
-1831.325301	5.18
-1829.317269	5.18
-1827.309237	5.18
-1825.301205	5.18
-1823.293173	5.18
-1821.285141	5.18
-1819.277108	5.18
-1817.269076	5.18
-1815.261044	5.18
-1813.253012	5.18
-1811.24498	5.18
-1809.236948	5.18
-1807.228916	5.18
-1805.220884	5.18
-1803.212851	5.18
-1801.204819	5.18
-1799.196787	5.18
-1797.188755	5.18
-1795.180723	5.18
-1793.172691	5.18
-1791.164659	5.18
-1789.156627	5.18
-1787.148594	5.18
-1785.140562	5.18
-1783.13253	5.18
-1781.124498	5.26
-1779.116466	5.26
-1777.108434	5.18
-1775.100402	5.18
-1773.092369	5.26
-1771.084337	5.26
-1769.076305	5.26
-1767.068273	5.18
-1765.060241	5.18
-1763.052209	5.26
-1761.044177	5.26
-1759.036145	5.18
-1757.028112	5.18
-1755.02008	5.26
-1753.012048	5.26
-1751.004016	5.18
-1748.995984	5.26
-1746.987952	5.18
-1744.97992	5.18
-1742.971888	5.18
-1740.963855	5.18
-1738.955823	5.26
-1736.947791	5.18
-1734.939759	5.18
-1732.931727	5.18
-1730.923695	5.18
-1728.915663	5.18
-1726.907631	5.18
-1724.899598	5.18
-1722.891566	5.18
-1720.883534	5.18
-1718.875502	5.18
-1716.86747	5.18
-1714.859438	5.18
-1712.851406	5.18
-1710.843373	5.26
-1708.835341	5.18
-1706.827309	5.18
-1704.819277	5.18
-1702.811245	5.18
-1700.803213	5.18
-1698.795181	5.26
-1696.787149	5.18
-1694.779116	5.18
-1692.771084	5.18
-1690.763052	5.18
-1688.75502	5.18
-1686.746988	5.18
-1684.738956	5.18
-1682.730924	5.18
-1680.722892	5.18
-1678.714859	5.18
-1676.706827	5.18
-1674.698795	5.18
-1672.690763	5.18
-1670.682731	5.18
-1668.674699	5.18
-1666.666667	5.18
-1664.658635	5.18
-1662.650602	5.18
-1660.64257	5.18
-1658.634538	5.18
-1656.626506	5.18
-1654.618474	5.18
-1652.610442	5.18
-1650.60241	5.18
-1648.594378	5.18
-1646.586345	5.18
-1644.578313	5.18
-1642.570281	5.18
-1640.562249	5.18
-1638.554217	5.18
-1636.546185	5.18
-1634.538153	5.18
-1632.53012	5.18
-1630.522088	5.18
-1628.514056	5.18
-1626.506024	5.18
-1624.497992	5.1
-1622.48996	5.18
-1620.481928	5.18
-1618.473896	5.18
-1616.465863	5.18
-1614.457831	5.1
-1612.449799	5.1
-1610.441767	5.1
-1608.433735	5.18
-1606.425703	5.18
-1604.417671	5.18
-1602.409639	5.18
-1600.401606	5.18
-1598.393574	5.1
-1596.385542	5.1
-1594.37751	5.1
-1592.369478	5.1
-1590.361446	5.1
-1588.353414	5.1
-1586.345382	5.1
-1584.337349	5.1
-1582.329317	5.1
-1580.321285	5.1
-1578.313253	5.1
-1576.305221	5.1
-1574.297189	5.1
-1572.289157	5.1
-1570.281124	5.1
-1568.273092	5.1
-1566.26506	5.02
-1564.257028	5.02
-1562.248996	5.02
-1560.240964	5.02
-1558.232932	5.02
-1556.2249	5.02
-1554.216867	5.02
-1552.208835	5.02
-1550.200803	5.02
-1548.192771	5.02
-1546.184739	5.02
-1544.176707	5.02
-1542.168675	5.02
-1540.160643	5.02
-1538.15261	5.02
-1536.144578	5.02
-1534.136546	5.02
-1532.128514	5.02
-1530.120482	5.02
-1528.11245	4.94
-1526.104418	5.02
-1524.096386	4.94
-1522.088353	5.02
-1520.080321	5.02
-1518.072289	4.94
-1516.064257	4.94
-1514.056225	4.94
-1512.048193	4.94
-1510.040161	4.94
-1508.032129	4.94
-1506.024096	4.94
-1504.016064	4.94
-1502.008032	4.94
-1500	4.94
-1497.991968	4.94
-1495.983936	4.94
-1493.975904	4.94
-1491.967871	4.94
-1489.959839	4.94
-1487.951807	4.86
-1485.943775	4.86
-1483.935743	4.86
-1481.927711	4.86
-1479.919679	4.86
-1477.911647	4.86
-1475.903614	4.86
-1473.895582	4.86
-1471.88755	4.78
-1469.879518	4.78
-1467.871486	4.78
-1465.863454	4.78
-1463.855422	4.78
-1461.84739	4.78
-1459.839357	4.78
-1457.831325	4.78
-1455.823293	4.78
-1453.815261	4.78
-1451.807229	4.78
-1449.799197	4.78
-1447.791165	4.78
-1445.783133	4.7
-1443.7751	4.7
-1441.767068	4.78
-1439.759036	4.78
-1437.751004	4.7
-1435.742972	4.7
-1433.73494	4.7
-1431.726908	4.7
-1429.718876	4.7
-1427.710843	4.7
-1425.702811	4.7
-1423.694779	4.7
-1421.686747	4.7
-1419.678715	4.62
-1417.670683	4.7
-1415.662651	4.7
-1413.654618	4.7
-1411.646586	4.7
-1409.638554	4.7
-1407.630522	4.62
-1405.62249	4.62
-1403.614458	4.62
-1401.606426	4.62
-1399.598394	4.62
-1397.590361	4.62
-1395.582329	4.62
-1393.574297	4.54
-1391.566265	4.62
-1389.558233	4.54
-1387.550201	4.54
-1385.542169	4.54
-1383.534137	4.54
-1381.526104	4.54
-1379.518072	4.54
-1377.51004	4.54
-1375.502008	4.54
-1373.493976	4.54
-1371.485944	4.46
-1369.477912	4.46
-1367.46988	4.46
-1365.461847	4.46
-1363.453815	4.46
-1361.445783	4.46
-1359.437751	4.46
-1357.429719	4.46
-1355.421687	4.46
-1353.413655	4.46
-1351.405622	4.38
-1349.39759	4.38
-1347.389558	4.38
-1345.381526	4.38
-1343.373494	4.38
-1341.365462	4.38
-1339.35743	4.38
-1337.349398	4.3
-1335.341365	4.3
-1333.333333	4.3
-1331.325301	4.3
-1329.317269	4.38
-1327.309237	4.3
-1325.301205	4.3
-1323.293173	4.3
-1321.285141	4.3
-1319.277108	4.3
-1317.269076	4.3
-1315.261044	4.3
-1313.253012	4.22
-1311.24498	4.22
-1309.236948	4.22
-1307.228916	4.22
-1305.220884	4.22
-1303.212851	4.22
-1301.204819	4.22
-1299.196787	4.22
-1297.188755	4.14
-1295.180723	4.14
-1293.172691	4.14
-1291.164659	4.14
-1289.156627	4.06
-1287.148594	4.14
-1285.140562	4.06
-1283.13253	4.06
-1281.124498	4.06
-1279.116466	4.06
-1277.108434	4.06
-1275.100402	4.06
-1273.092369	4.06
-1271.084337	4.06
-1269.076305	3.98
-1267.068273	3.98
-1265.060241	3.98
-1263.052209	3.98
-1261.044177	3.9
-1259.036145	3.98
-1257.028112	3.9
-1255.02008	3.9
-1253.012048	3.9
-1251.004016	3.9
-1248.995984	3.9
-1246.987952	3.9
-1244.97992	3.9
-1242.971888	3.9
-1240.963855	3.9
-1238.955823	3.9
-1236.947791	3.82
-1234.939759	3.82
-1232.931727	3.82
-1230.923695	3.82
-1228.915663	3.82
-1226.907631	3.82
-1224.899598	3.74
-1222.891566	3.74
-1220.883534	3.82
-1218.875502	3.74
-1216.86747	3.74
-1214.859438	3.74
-1212.851406	3.66
-1210.843373	3.66
-1208.835341	3.66
-1206.827309	3.66
-1204.819277	3.66
-1202.811245	3.58
-1200.803213	3.58
-1198.795181	3.58
-1196.787149	3.5
-1194.779116	3.5
-1192.771084	3.5
-1190.763052	3.5
-1188.75502	3.5
-1186.746988	3.5
-1184.738956	3.5
-1182.730924	3.5
-1180.722892	3.42
-1178.714859	3.42
-1176.706827	3.42
-1174.698795	3.42
-1172.690763	3.42
-1170.682731	3.42
-1168.674699	3.34
-1166.666667	3.34
-1164.658635	3.34
-1162.650602	3.34
-1160.64257	3.34
-1158.634538	3.26
-1156.626506	3.26
-1154.618474	3.26
-1152.610442	3.26
-1150.60241	3.26
-1148.594378	3.26
-1146.586345	3.26
-1144.578313	3.26
-1142.570281	3.18
-1140.562249	3.26
-1138.554217	3.26
-1136.546185	3.18
-1134.538153	3.18
-1132.53012	3.18
-1130.522088	3.18
-1128.514056	3.18
-1126.506024	3.1
-1124.497992	3.1
-1122.48996	3.1
-1120.481928	3.1
-1118.473896	3.02
-1116.465863	3.02
-1114.457831	3.02
-1112.449799	3.02
-1110.441767	2.94
-1108.433735	2.94
-1106.425703	2.94
-1104.417671	2.94
-1102.409639	2.94
-1100.401606	2.86
-1098.393574	2.86
-1096.385542	2.86
-1094.37751	2.86
-1092.369478	2.78
-1090.361446	2.78
-1088.353414	2.78
-1086.345382	2.78
-1084.337349	2.7
-1082.329317	2.78
-1080.321285	2.7
-1078.313253	2.7
-1076.305221	2.7
-1074.297189	2.7
-1072.289157	2.62
-1070.281124	2.7
-1068.273092	2.62
-1066.26506	2.62
-1064.257028	2.62
-1062.248996	2.62
-1060.240964	2.54
-1058.232932	2.54
-1056.2249	2.54
-1054.216867	2.54
-1052.208835	2.54
-1050.200803	2.46
-1048.192771	2.46
-1046.184739	2.46
-1044.176707	2.38
-1042.168675	2.38
-1040.160643	2.38
-1038.15261	2.38
-1036.144578	2.3
-1034.136546	2.3
-1032.128514	2.3
-1030.120482	2.3
-1028.11245	2.22
-1026.104418	2.22
-1024.096386	2.22
-1022.088353	2.22
-1020.080321	2.14
-1018.072289	2.14
-1016.064257	2.14
-1014.056225	2.06
-1012.048193	2.14
-1010.040161	2.06
-1008.032129	2.06
-1006.024096	1.98
-1004.016064	1.98
-1002.008032	1.98
-1000	1.98
-997.9919679	1.98
-995.9839357	1.98
-993.9759036	1.9
-991.9678715	1.9
-989.9598394	1.9
-987.9518072	1.9
-985.9437751	1.9
-983.935743	1.82
-981.9277108	1.82
-979.9196787	1.82
-977.9116466	1.82
-975.9036145	1.82
-973.8955823	1.74
-971.8875502	1.74
-969.8795181	1.74
-967.8714859	1.74
-965.8634538	1.66
-963.8554217	1.66
-961.8473896	1.66
-959.8393574	1.66
-957.8313253	1.58
-955.8232932	1.58
-953.815261	1.58
-951.8072289	1.58
-949.7991968	1.5
-947.7911647	1.5
-945.7831325	1.5
-943.7751004	1.5
-941.7670683	1.5
-939.7590361	1.42
-937.751004	1.42
-935.7429719	1.42
-933.7349398	1.34
-931.7269076	1.34
-929.7188755	1.34
-927.7108434	1.34
-925.7028112	1.26
-923.6947791	1.26
-921.686747	1.26
-919.6787149	1.26
-917.6706827	1.18
-915.6626506	1.18
-913.6546185	1.18
-911.6465863	1.18
-909.6385542	1.1
-907.6305221	1.1
-905.62249	1.1
-903.6144578	1.1
-901.6064257	1.1
-899.5983936	1.02
-897.5903614	1.02
-895.5823293	0.94
-893.5742972	1.02
-891.5662651	1.02
-889.5582329	0.94
-887.5502008	0.94
-885.5421687	0.94
-883.5341365	0.86
-881.5261044	0.86
-879.5180723	0.86
-877.5100402	0.86
-875.502008	0.86
-873.4939759	0.78
-871.4859438	0.78
-869.4779116	0.78
-867.4698795	0.7
-865.4618474	0.7
-863.4538153	0.7
-861.4457831	0.7
-859.437751	0.62
-857.4297189	0.62
-855.4216867	0.62
-853.4136546	0.62
-851.4056225	0.54
-849.3975904	0.54
-847.3895582	0.54
-845.3815261	0.54
-843.373494	0.54
-841.3654618	0.54
-839.3574297	0.46
-837.3493976	0.46
-835.3413655	0.46
-833.3333333	0.46
-831.3253012	0.46
-829.3172691	0.38
-827.3092369	0.38
-825.3012048	0.38
-823.2931727	0.38
-821.2851406	0.38
-819.2771084	0.38
-817.2690763	0.3
-815.2610442	0.3
-813.253012	0.22
-811.2449799	0.22
-809.2369478	0.22
-807.2289157	0.22
-805.2208835	0.14
-803.2128514	0.14
-801.2048193	0.14
-799.1967871	0.06
-797.188755	0.14
-795.1807229	0.14
-793.1726908	0.06
-791.1646586	0.06
-789.1566265	0.06
-787.1485944	-0.02
-785.1405622	-0.02
-783.1325301	-0.02
-781.124498	-0.02
-779.1164659	-0.02
-777.1084337	-0.02
-775.1004016	-0.1
-773.0923695	-0.1
-771.0843373	-0.1
-769.0763052	-0.1
-767.0682731	-0.1
-765.060241	-0.1
-763.0522088	-0.18
-761.0441767	-0.18
-759.0361446	-0.18
-757.0281124	-0.18
-755.0200803	-0.18
-753.0120482	-0.18
-751.0040161	-0.18
-748.9959839	-0.26
-746.9879518	-0.26
-744.9799197	-0.26
-742.9718876	-0.26
-740.9638554	-0.26
-738.9558233	-0.26
-736.9477912	-0.26
-734.939759	-0.34
-732.9317269	-0.34
-730.9236948	-0.34
-728.9156627	-0.34
-726.9076305	-0.34
-724.8995984	-0.34
-722.8915663	-0.34
-720.8835341	-0.42
-718.875502	-0.42
-716.8674699	-0.42
-714.8594378	-0.42
-712.8514056	-0.42
-710.8433735	-0.42
-708.8353414	-0.42
-706.8273092	-0.5
-704.8192771	-0.5
-702.811245	-0.5
-700.8032129	-0.5
-698.7951807	-0.5
-696.7871486	-0.5
-694.7791165	-0.5
-692.7710843	-0.5
-690.7630522	-0.5
-688.7550201	-0.5
-686.746988	-0.5
-684.7389558	-0.5
-682.7309237	-0.5
-680.7228916	-0.5
-678.7148594	-0.58
-676.7068273	-0.58
-674.6987952	-0.58
-672.6907631	-0.58
-670.6827309	-0.58
-668.6746988	-0.58
-666.6666667	-0.58
-664.6586345	-0.66
-662.6506024	-0.66
-660.6425703	-0.58
-658.6345382	-0.66
-656.626506	-0.58
-654.6184739	-0.66
-652.6104418	-0.66
-650.6024096	-0.66
-648.5943775	-0.66
-646.5863454	-0.66
-644.5783133	-0.66
-642.5702811	-0.66
-640.562249	-0.66
-638.5542169	-0.66
-636.5461847	-0.66
-634.5381526	-0.66
-632.5301205	-0.66
-630.5220884	-0.66
-628.5140562	-0.74
-626.5060241	-0.74
-624.497992	-0.74
-622.4899598	-0.74
-620.4819277	-0.74
-618.4738956	-0.74
-616.4658635	-0.74
-614.4578313	-0.74
-612.4497992	-0.74
-610.4417671	-0.82
-608.4337349	-0.82
-606.4257028	-0.74
-604.4176707	-0.74
-602.4096386	-0.74
-600.4016064	-0.74
-598.3935743	-0.82
-596.3855422	-0.82
-594.37751	-0.74
-592.3694779	-0.82
-590.3614458	-0.82
-588.3534137	-0.82
-586.3453815	-0.82
-584.3373494	-0.82
-582.3293173	-0.82
-580.3212851	-0.82
-578.313253	-0.74
-576.3052209	-0.82
-574.2971888	-0.74
-572.2891566	-0.74
-570.2811245	-0.74
-568.2730924	-0.74
-566.2650602	-0.74
-564.2570281	-0.74
-562.248996	-0.74
-560.2409639	-0.74
-558.2329317	-0.66
-556.2248996	-0.66
-554.2168675	-0.66
-552.2088353	-0.66
-550.2008032	-0.66
-548.1927711	-0.58
-546.184739	-0.58
-544.1767068	-0.58
-542.1686747	-0.5
-540.1606426	-0.5
-538.1526104	-0.5
-536.1445783	-0.42
-534.1365462	-0.42
-532.1285141	-0.42
-530.1204819	-0.34
-528.1124498	-0.34
-526.1044177	-0.34
-524.0963855	-0.26
-522.0883534	-0.26
-520.0803213	-0.26
-518.0722892	-0.18
-516.064257	-0.18
-514.0562249	-0.1
-512.0481928	-0.1
-510.0401606	-0.1
-508.0321285	-0.02
-506.0240964	-0.02
-504.0160643	0.06
-502.0080321	0.06
-500	0.14
-497.9919679	0.22
-495.9839357	0.22
-493.9759036	0.22
-491.9678715	0.3
-489.9598394	0.38
-487.9518072	0.38
-485.9437751	0.46
-483.935743	0.46
-481.9277108	0.46
-479.9196787	0.54
-477.9116466	0.62
-475.9036145	0.62
-473.8955823	0.7
-471.8875502	0.78
-469.8795181	0.78
-467.8714859	0.86
-465.8634538	0.94
-463.8554217	1.02
-461.8473896	1.1
-459.8393574	1.1
-457.8313253	1.18
-455.8232932	1.18
-453.815261	1.26
-451.8072289	1.34
-449.7991968	1.42
-447.7911647	1.42
-445.7831325	1.5
-443.7751004	1.5
-441.7670683	1.5
-439.7590361	1.58
-437.751004	1.66
-435.7429719	1.66
-433.7349398	1.66
-431.7269076	1.74
-429.7188755	1.74
-427.7108434	1.74
-425.7028112	1.74
-423.6947791	1.82
-421.686747	1.82
-419.6787149	1.82
-417.6706827	1.82
-415.6626506	1.82
-413.6546185	1.9
-411.6465863	1.9
-409.6385542	1.9
-407.6305221	1.9
-405.62249	1.9
-403.6144578	1.9
-401.6064257	1.9
-399.5983936	1.9
-397.5903614	1.82
-395.5823293	1.9
-393.5742972	1.9
-391.5662651	1.82
-389.5582329	1.82
-387.5502008	1.82
-385.5421687	1.82
-383.5341365	1.82
-381.5261044	1.82
-379.5180723	1.82
-377.5100402	1.74
-375.502008	1.74
-373.4939759	1.74
-371.4859438	1.74
-369.4779116	1.74
-367.4698795	1.66
-365.4618474	1.66
-363.4538153	1.66
-361.4457831	1.66
-359.437751	1.58
-357.4297189	1.58
-355.4216867	1.58
-353.4136546	1.58
-351.4056225	1.58
-349.3975904	1.5
-347.3895582	1.5
-345.3815261	1.5
-343.373494	1.5
-341.3654618	1.5
-339.3574297	1.5
-337.3493976	1.5
-335.3413655	1.42
-333.3333333	1.42
-331.3253012	1.42
-329.3172691	1.42
-327.3092369	1.42
-325.3012048	1.42
-323.2931727	1.42
-321.2851406	1.34
-319.2771084	1.34
-317.2690763	1.34
-315.2610442	1.34
-313.253012	1.34
-311.2449799	1.34
-309.2369478	1.34
-307.2289157	1.26
-305.2208835	1.26
-303.2128514	1.26
-301.2048193	1.26
-299.1967871	1.26
-297.188755	1.26
-295.1807229	1.26
-293.1726908	1.26
-291.1646586	1.26
-289.1566265	1.26
-287.1485944	1.26
-285.1405622	1.26
-283.1325301	1.26
-281.124498	1.26
-279.1164659	1.26
-277.1084337	1.26
-275.1004016	1.26
-273.0923695	1.26
-271.0843373	1.26
-269.0763052	1.26
-267.0682731	1.26
-265.060241	1.34
-263.0522088	1.26
-261.0441767	1.26
-259.0361446	1.34
-257.0281124	1.34
-255.0200803	1.34
-253.0120482	1.34
-251.0040161	1.34
-248.9959839	1.34
-246.9879518	1.42
-244.9799197	1.42
-242.9718876	1.42
-240.9638554	1.42
-238.9558233	1.5
-236.9477912	1.5
-234.939759	1.5
-232.9317269	1.5
-230.9236948	1.5
-228.9156627	1.58
-226.9076305	1.58
-224.8995984	1.58
-222.8915663	1.58
-220.8835341	1.66
-218.875502	1.66
-216.8674699	1.66
-214.8594378	1.66
-212.8514056	1.66
-210.8433735	1.74
-208.8353414	1.74
-206.8273092	1.74
-204.8192771	1.74
-202.811245	1.74
-200.8032129	1.82
-198.7951807	1.82
-196.7871486	1.82
-194.7791165	1.82
-192.7710843	1.82
-190.7630522	1.9
-188.7550201	1.9
-186.746988	1.9
-184.7389558	1.9
-182.7309237	1.98
-180.7228916	1.98
-178.7148594	1.98
-176.7068273	1.98
-174.6987952	2.06
-172.6907631	2.06
-170.6827309	2.06
-168.6746988	2.06
-166.6666667	2.06
-164.6586345	2.06
-162.6506024	2.14
-160.6425703	2.14
-158.6345382	2.14
-156.626506	2.14
-154.6184739	2.14
-152.6104418	2.14
-150.6024096	2.14
-148.5943775	2.14
-146.5863454	2.14
-144.5783133	2.14
-142.5702811	2.14
-140.562249	2.14
-138.5542169	2.14
-136.5461847	2.14
-134.5381526	2.14
-132.5301205	2.14
-130.5220884	2.14
-128.5140562	2.14
-126.5060241	2.14
-124.497992	2.14
-122.4899598	2.14
-120.4819277	2.14
-118.4738956	2.06
-116.4658635	2.06
-114.4578313	1.98
-112.4497992	2.06
-110.4417671	2.06
-108.4337349	2.06
-106.4257028	1.98
-104.4176707	1.98
-102.4096386	1.9
-100.4016064	1.98
-98.3935743	1.9
-96.38554217	1.9
-94.37751004	1.82
-92.36947791	1.82
-90.36144578	1.82
-88.35341365	1.82
-86.34538153	1.74
-84.3373494	1.74
-82.32931727	1.74
-80.32128514	1.74
-78.31325301	1.66
-76.30522088	1.58
-74.29718876	1.58
-72.28915663	1.5
-70.2811245	1.5
-68.27309237	1.42
-66.26506024	1.42
-64.25702811	1.34
-62.24899598	1.34
-60.24096386	1.26
-58.23293173	1.26
-56.2248996	1.18
-54.21686747	1.18
-52.20883534	1.1
-50.20080321	1.02
-48.19277108	0.94
-46.18473896	0.94
-44.17670683	0.86
-42.1686747	0.86
-40.16064257	0.78
-38.15261044	0.7
-36.14457831	0.62
-34.13654618	0.62
-32.12851406	0.54
-30.12048193	0.46
-28.1124498	0.46
-26.10441767	0.46
-24.09638554	0.38
-22.08835341	0.3
-20.08032129	0.22
-18.07228916	0.14
-16.06425703	0.14
-14.0562249	0.06
-12.04819277	0.06
-10.04016064	-0.02
-8.032128514	-0.1
-6.024096386	-0.18
-4.016064257	-0.18
-2.008032129	-0.18
0	-0.26
2.008032129	-0.26
4.016064257	-0.34
6.024096386	-0.34
8.032128514	-0.42
10.04016064	-0.5
12.04819277	-0.5
14.0562249	-0.5
16.06425703	-0.58
18.07228916	-0.58
20.08032129	-0.66
22.08835341	-0.74
24.09638554	-0.74
26.10441767	-0.74
28.1124498	-0.82
30.12048193	-0.82
32.12851406	-0.9
34.13654618	-0.98
36.14457831	-0.98
38.15261044	-1.06
40.16064257	-1.06
42.1686747	-1.14
44.17670683	-1.22
46.18473896	-1.3
48.19277108	-1.38
50.20080321	-1.38
52.20883534	-1.46
54.21686747	-1.46
56.2248996	-1.54
58.23293173	-1.54
60.24096386	-1.7
62.24899598	-1.7
64.25702811	-1.78
66.26506024	-1.78
68.27309237	-1.86
70.2811245	-1.86
72.28915663	-1.94
74.29718876	-2.02
76.30522088	-2.02
78.31325301	-2.02
80.32128514	-2.1
82.32931727	-2.1
84.3373494	-2.1
86.34538153	-2.18
88.35341365	-2.18
90.36144578	-2.18
92.36947791	-2.26
94.37751004	-2.26
96.38554217	-2.26
98.3935743	-2.26
100.4016064	-2.34
102.4096386	-2.34
104.4176707	-2.34
106.4257028	-2.34
108.4337349	-2.34
110.4417671	-2.34
112.4497992	-2.42
114.4578313	-2.42
116.4658635	-2.42
118.4738956	-2.42
120.4819277	-2.42
122.4899598	-2.42
124.497992	-2.42
126.5060241	-2.42
128.5140562	-2.42
130.5220884	-2.42
132.5301205	-2.42
134.5381526	-2.42
136.5461847	-2.42
138.5542169	-2.42
140.562249	-2.42
142.5702811	-2.42
144.5783133	-2.42
146.5863454	-2.42
148.5943775	-2.42
150.6024096	-2.42
152.6104418	-2.42
154.6184739	-2.42
156.626506	-2.34
158.6345382	-2.34
160.6425703	-2.34
162.6506024	-2.34
164.6586345	-2.34
166.6666667	-2.26
168.6746988	-2.26
170.6827309	-2.26
172.6907631	-2.26
174.6987952	-2.26
176.7068273	-2.26
178.7148594	-2.26
180.7228916	-2.26
182.7309237	-2.26
184.7389558	-2.18
186.746988	-2.18
188.7550201	-2.18
190.7630522	-2.18
192.7710843	-2.18
194.7791165	-2.1
196.7871486	-2.1
198.7951807	-2.02
200.8032129	-2.02
202.811245	-2.02
204.8192771	-2.02
206.8273092	-2.02
208.8353414	-1.94
210.8433735	-1.94
212.8514056	-1.94
214.8594378	-1.86
216.8674699	-1.86
218.875502	-1.86
220.8835341	-1.86
222.8915663	-1.78
224.8995984	-1.78
226.9076305	-1.78
228.9156627	-1.7
230.9236948	-1.7
232.9317269	-1.7
234.939759	-1.7
236.9477912	-1.7
238.9558233	-1.62
240.9638554	-1.62
242.9718876	-1.62
244.9799197	-1.62
246.9879518	-1.62
248.9959839	-1.54
251.0040161	-1.54
253.0120482	-1.54
255.0200803	-1.54
257.0281124	-1.46
259.0361446	-1.46
261.0441767	-1.46
263.0522088	-1.46
265.060241	-1.46
267.0682731	-1.46
269.0763052	-1.46
271.0843373	-1.46
273.0923695	-1.46
275.1004016	-1.46
277.1084337	-1.46
279.1164659	-1.46
281.124498	-1.38
283.1325301	-1.38
285.1405622	-1.46
287.1485944	-1.46
289.1566265	-1.46
291.1646586	-1.46
293.1726908	-1.46
295.1807229	-1.46
297.188755	-1.46
299.1967871	-1.46
301.2048193	-1.46
303.2128514	-1.46
305.2208835	-1.46
307.2289157	-1.46
309.2369478	-1.46
311.2449799	-1.46
313.253012	-1.46
315.2610442	-1.54
317.2690763	-1.54
319.2771084	-1.54
321.2851406	-1.54
323.2931727	-1.54
325.3012048	-1.54
327.3092369	-1.62
329.3172691	-1.54
331.3253012	-1.62
333.3333333	-1.62
335.3413655	-1.62
337.3493976	-1.62
339.3574297	-1.7
341.3654618	-1.7
343.373494	-1.7
345.3815261	-1.78
347.3895582	-1.78
349.3975904	-1.78
351.4056225	-1.86
353.4136546	-1.78
355.4216867	-1.86
357.4297189	-1.86
359.437751	-1.86
361.4457831	-1.86
363.4538153	-1.94
365.4618474	-1.94
367.4698795	-1.94
369.4779116	-1.94
371.4859438	-1.94
373.4939759	-2.02
375.502008	-2.02
377.5100402	-2.02
379.5180723	-2.02
381.5261044	-2.02
383.5341365	-2.02
385.5421687	-2.02
387.5502008	-2.1
389.5582329	-2.1
391.5662651	-2.1
393.5742972	-2.1
395.5823293	-2.1
397.5903614	-2.1
399.5983936	-2.1
401.6064257	-2.1
403.6144578	-2.1
405.62249	-2.1
407.6305221	-2.1
409.6385542	-2.1
411.6465863	-2.1
413.6546185	-2.02
415.6626506	-2.02
417.6706827	-2.02
419.6787149	-2.02
421.686747	-1.94
423.6947791	-1.94
425.7028112	-1.94
427.7108434	-1.86
429.7188755	-1.86
431.7269076	-1.78
433.7349398	-1.78
435.7429719	-1.78
437.751004	-1.7
439.7590361	-1.62
441.7670683	-1.62
443.7751004	-1.54
445.7831325	-1.46
447.7911647	-1.46
449.7991968	-1.46
451.8072289	-1.38
453.815261	-1.38
455.8232932	-1.3
457.8313253	-1.22
459.8393574	-1.22
461.8473896	-1.14
463.8554217	-1.06
465.8634538	-1.06
467.8714859	-0.98
469.8795181	-0.9
471.8875502	-0.82
473.8955823	-0.82
475.9036145	-0.74
477.9116466	-0.74
479.9196787	-0.66
481.9277108	-0.58
483.935743	-0.5
485.9437751	-0.5
487.9518072	-0.42
489.9598394	-0.42
491.9678715	-0.42
493.9759036	-0.34
495.9839357	-0.26
497.9919679	-0.18
500	-0.18
502.0080321	-0.1
504.0160643	-0.1
506.0240964	-0.02
508.0321285	-0.02
510.0401606	0.06
512.0481928	0.06
514.0562249	0.14
516.064257	0.14
518.0722892	0.14
520.0803213	0.14
522.0883534	0.22
524.0963855	0.22
526.1044177	0.3
528.1124498	0.3
530.1204819	0.3
532.1285141	0.38
534.1365462	0.38
536.1445783	0.38
538.1526104	0.38
540.1606426	0.46
542.1686747	0.46
544.1767068	0.46
546.184739	0.46
548.1927711	0.46
550.2008032	0.46
552.2088353	0.46
554.2168675	0.46
556.2248996	0.46
558.2329317	0.46
560.2409639	0.46
562.248996	0.46
564.2570281	0.46
566.2650602	0.46
568.2730924	0.46
570.2811245	0.46
572.2891566	0.46
574.2971888	0.46
576.3052209	0.46
578.313253	0.46
580.3212851	0.38
582.3293173	0.38
584.3373494	0.38
586.3453815	0.38
588.3534137	0.38
590.3614458	0.3
592.3694779	0.3
594.37751	0.3
596.3855422	0.3
598.3935743	0.22
600.4016064	0.22
602.4096386	0.22
604.4176707	0.22
606.4257028	0.22
608.4337349	0.14
610.4417671	0.14
612.4497992	0.06
614.4578313	0.14
616.4658635	0.06
618.4738956	0.06
620.4819277	0.06
622.4899598	-0.02
624.497992	-0.02
626.5060241	-0.02
628.5140562	-0.1
630.5220884	-0.1
632.5301205	-0.18
634.5381526	-0.18
636.5461847	-0.26
638.5542169	-0.26
640.562249	-0.26
642.5702811	-0.26
644.5783133	-0.34
646.5863454	-0.34
648.5943775	-0.34
650.6024096	-0.42
652.6104418	-0.42
654.6184739	-0.5
656.626506	-0.5
658.6345382	-0.5
660.6425703	-0.5
662.6506024	-0.58
664.6586345	-0.66
666.6666667	-0.66
668.6746988	-0.66
670.6827309	-0.66
672.6907631	-0.74
674.6987952	-0.74
676.7068273	-0.82
678.7148594	-0.82
680.7228916	-0.9
682.7309237	-0.9
684.7389558	-0.9
686.746988	-0.98
688.7550201	-0.98
690.7630522	-1.06
692.7710843	-1.06
694.7791165	-1.06
696.7871486	-1.14
698.7951807	-1.14
700.8032129	-1.14
702.811245	-1.22
704.8192771	-1.22
706.8273092	-1.22
708.8353414	-1.3
710.8433735	-1.3
712.8514056	-1.3
714.8594378	-1.38
716.8674699	-1.38
718.875502	-1.46
720.8835341	-1.46
722.8915663	-1.46
724.8995984	-1.46
726.9076305	-1.54
728.9156627	-1.54
730.9236948	-1.54
732.9317269	-1.62
734.939759	-1.62
736.9477912	-1.7
738.9558233	-1.7
740.9638554	-1.7
742.9718876	-1.78
744.9799197	-1.78
746.9879518	-1.86
748.9959839	-1.86
751.0040161	-1.86
753.0120482	-1.94
755.0200803	-1.94
757.0281124	-1.94
759.0361446	-2.02
761.0441767	-2.1
763.0522088	-2.02
765.060241	-2.1
767.0682731	-2.1
769.0763052	-2.18
771.0843373	-2.18
773.0923695	-2.26
775.1004016	-2.26
777.1084337	-2.26
779.1164659	-2.26
781.124498	-2.26
783.1325301	-2.34
785.1405622	-2.34
787.1485944	-2.42
789.1566265	-2.42
791.1646586	-2.42
793.1726908	-2.42
795.1807229	-2.5
797.188755	-2.58
799.1967871	-2.58
801.2048193	-2.58
803.2128514	-2.66
805.2208835	-2.66
807.2289157	-2.74
809.2369478	-2.74
811.2449799	-2.74
813.253012	-2.82
815.2610442	-2.82
817.2690763	-2.9
819.2771084	-2.9
821.2851406	-2.9
823.2931727	-2.98
825.3012048	-2.98
827.3092369	-3.06
829.3172691	-3.06
831.3253012	-3.06
833.3333333	-3.06
835.3413655	-3.06
837.3493976	-3.14
839.3574297	-3.14
841.3654618	-3.22
843.373494	-3.22
845.3815261	-3.3
847.3895582	-3.3
849.3975904	-3.3
851.4056225	-3.38
853.4136546	-3.38
855.4216867	-3.38
857.4297189	-3.46
859.437751	-3.46
861.4457831	-3.46
863.4538153	-3.54
865.4618474	-3.54
867.4698795	-3.54
869.4779116	-3.62
871.4859438	-3.62
873.4939759	-3.62
875.502008	-3.7
877.5100402	-3.7
879.5180723	-3.7
881.5261044	-3.7
883.5341365	-3.78
885.5421687	-3.78
887.5502008	-3.86
889.5582329	-3.86
891.5662651	-3.86
893.5742972	-3.94
895.5823293	-3.94
897.5903614	-3.94
899.5983936	-4.02
901.6064257	-4.02
903.6144578	-4.02
905.62249	-4.1
907.6305221	-4.1
909.6385542	-4.1
911.6465863	-4.1
913.6546185	-4.18
915.6626506	-4.18
917.6706827	-4.18
919.6787149	-4.26
921.686747	-4.26
923.6947791	-4.34
925.7028112	-4.34
927.7108434	-4.34
929.7188755	-4.34
931.7269076	-4.34
933.7349398	-4.42
935.7429719	-4.42
937.751004	-4.5
939.7590361	-4.5
941.7670683	-4.5
943.7751004	-4.5
945.7831325	-4.58
947.7911647	-4.58
949.7991968	-4.58
951.8072289	-4.66
953.815261	-4.66
955.8232932	-4.66
957.8313253	-4.66
959.8393574	-4.74
961.8473896	-4.74
963.8554217	-4.74
965.8634538	-4.82
967.8714859	-4.82
969.8795181	-4.9
971.8875502	-4.9
973.8955823	-4.9
975.9036145	-4.9
977.9116466	-4.9
979.9196787	-4.9
981.9277108	-4.98
983.935743	-4.98
985.9437751	-4.98
987.9518072	-4.98
989.9598394	-5.06
991.9678715	-5.06
993.9759036	-5.06
995.9839357	-5.06
997.9919679	-5.14
1000	-5.14
1002.008032	-5.14
1004.016064	-5.14
1006.024096	-5.22
1008.032129	-5.22
1010.040161	-5.22
1012.048193	-5.22
1014.056225	-5.22
1016.064257	-5.3
1018.072289	-5.3
1020.080321	-5.3
1022.088353	-5.3
1024.096386	-5.38
1026.104418	-5.38
1028.11245	-5.38
1030.120482	-5.46
1032.128514	-5.46
1034.136546	-5.46
1036.144578	-5.46
1038.15261	-5.46
1040.160643	-5.54
1042.168675	-5.54
1044.176707	-5.54
1046.184739	-5.62
1048.192771	-5.62
1050.200803	-5.62
1052.208835	-5.62
1054.216867	-5.62
1056.2249	-5.7
1058.232932	-5.7
1060.240964	-5.7
1062.248996	-5.7
1064.257028	-5.7
1066.26506	-5.7
1068.273092	-5.7
1070.281124	-5.7
1072.289157	-5.78
1074.297189	-5.78
1076.305221	-5.78
1078.313253	-5.86
1080.321285	-5.86
1082.329317	-5.86
1084.337349	-5.86
1086.345382	-5.86
1088.353414	-5.94
1090.361446	-5.94
1092.369478	-5.94
1094.37751	-5.94
1096.385542	-6.02
1098.393574	-5.94
1100.401606	-6.02
1102.409639	-6.02
1104.417671	-6.02
1106.425703	-6.1
1108.433735	-6.1
1110.441767	-6.1
1112.449799	-6.1
1114.457831	-6.1
1116.465863	-6.18
1118.473896	-6.18
1120.481928	-6.18
1122.48996	-6.18
1124.497992	-6.18
1126.506024	-6.18
1128.514056	-6.26
1130.522088	-6.18
1132.53012	-6.26
1134.538153	-6.26
1136.546185	-6.26
1138.554217	-6.26
1140.562249	-6.26
1142.570281	-6.34
1144.578313	-6.34
1146.586345	-6.34
1148.594378	-6.34
1150.60241	-6.34
1152.610442	-6.42
1154.618474	-6.42
1156.626506	-6.42
1158.634538	-6.42
1160.64257	-6.42
1162.650602	-6.42
1164.658635	-6.5
1166.666667	-6.5
1168.674699	-6.5
1170.682731	-6.5
1172.690763	-6.5
1174.698795	-6.58
1176.706827	-6.5
1178.714859	-6.58
1180.722892	-6.58
1182.730924	-6.58
1184.738956	-6.58
1186.746988	-6.58
1188.75502	-6.58
1190.763052	-6.58
1192.771084	-6.66
1194.779116	-6.66
1196.787149	-6.66
1198.795181	-6.66
1200.803213	-6.66
1202.811245	-6.66
1204.819277	-6.74
1206.827309	-6.74
1208.835341	-6.74
1210.843373	-6.74
1212.851406	-6.74
1214.859438	-6.82
1216.86747	-6.74
1218.875502	-6.82
1220.883534	-6.82
1222.891566	-6.82
1224.899598	-6.82
1226.907631	-6.82
1228.915663	-6.82
1230.923695	-6.82
1232.931727	-6.82
1234.939759	-6.9
1236.947791	-6.9
1238.955823	-6.82
1240.963855	-6.9
1242.971888	-6.9
1244.97992	-6.9
1246.987952	-6.98
1248.995984	-6.98
1251.004016	-6.98
1253.012048	-6.98
1255.02008	-6.98
1257.028112	-6.98
1259.036145	-6.98
1261.044177	-6.98
1263.052209	-6.98
1265.060241	-6.98
1267.068273	-6.98
1269.076305	-6.98
1271.084337	-6.98
1273.092369	-6.98
1275.100402	-7.06
1277.108434	-7.06
1279.116466	-7.06
1281.124498	-7.06
1283.13253	-7.06
1285.140562	-7.06
1287.148594	-7.14
1289.156627	-7.06
1291.164659	-7.06
1293.172691	-7.14
1295.180723	-7.14
1297.188755	-7.14
1299.196787	-7.14
1301.204819	-7.14
1303.212851	-7.14
1305.220884	-7.14
1307.228916	-7.14
1309.236948	-7.14
1311.24498	-7.14
1313.253012	-7.14
1315.261044	-7.22
1317.269076	-7.14
1319.277108	-7.14
1321.285141	-7.22
1323.293173	-7.22
1325.301205	-7.22
1327.309237	-7.22
1329.317269	-7.22
1331.325301	-7.22
1333.333333	-7.22
1335.341365	-7.22
1337.349398	-7.22
1339.35743	-7.22
1341.365462	-7.3
1343.373494	-7.3
1345.381526	-7.3
1347.389558	-7.3
1349.39759	-7.3
1351.405622	-7.3
1353.413655	-7.3
1355.421687	-7.3
1357.429719	-7.3
1359.437751	-7.3
1361.445783	-7.3
1363.453815	-7.3
1365.461847	-7.38
1367.46988	-7.3
1369.477912	-7.38
1371.485944	-7.38
1373.493976	-7.38
1375.502008	-7.38
1377.51004	-7.38
1379.518072	-7.38
1381.526104	-7.38
1383.534137	-7.38
1385.542169	-7.38
1387.550201	-7.38
1389.558233	-7.38
1391.566265	-7.38
1393.574297	-7.38
1395.582329	-7.38
1397.590361	-7.38
1399.598394	-7.38
1401.606426	-7.38
1403.614458	-7.38
1405.62249	-7.38
1407.630522	-7.38
1409.638554	-7.38
1411.646586	-7.38
1413.654618	-7.38
1415.662651	-7.38
1417.670683	-7.38
1419.678715	-7.38
1421.686747	-7.38
1423.694779	-7.38
1425.702811	-7.46
1427.710843	-7.46
1429.718876	-7.46
1431.726908	-7.38
1433.73494	-7.38
1435.742972	-7.46
1437.751004	-7.46
1439.759036	-7.46
1441.767068	-7.46
1443.7751	-7.46
1445.783133	-7.46
1447.791165	-7.46
1449.799197	-7.46
1451.807229	-7.38
1453.815261	-7.46
1455.823293	-7.46
1457.831325	-7.46
1459.839357	-7.38
1461.84739	-7.46
1463.855422	-7.38
1465.863454	-7.38
1467.871486	-7.38
1469.879518	-7.38
1471.88755	-7.46
1473.895582	-7.46
1475.903614	-7.46
1477.911647	-7.38
1479.919679	-7.46
1481.927711	-7.46
1483.935743	-7.46
1485.943775	-7.46
1487.951807	-7.46
1489.959839	-7.46
1491.967871	-7.46
1493.975904	-7.46
1495.983936	-7.38
1497.991968	-7.38
1500	-7.38
1502.008032	-7.38
1504.016064	-7.38
1506.024096	-7.46
1508.032129	-7.46
1510.040161	-7.38
1512.048193	-7.46
1514.056225	-7.38
1516.064257	-7.38
1518.072289	-7.38
1520.080321	-7.38
1522.088353	-7.38
1524.096386	-7.38
1526.104418	-7.38
1528.11245	-7.38
1530.120482	-7.38
1532.128514	-7.38
1534.136546	-7.38
1536.144578	-7.38
1538.15261	-7.38
1540.160643	-7.38
1542.168675	-7.38
1544.176707	-7.38
1546.184739	-7.38
1548.192771	-7.38
1550.200803	-7.38
1552.208835	-7.38
1554.216867	-7.38
1556.2249	-7.38
1558.232932	-7.38
1560.240964	-7.38
1562.248996	-7.38
1564.257028	-7.38
1566.26506	-7.3
1568.273092	-7.3
1570.281124	-7.38
1572.289157	-7.3
1574.297189	-7.3
1576.305221	-7.3
1578.313253	-7.3
1580.321285	-7.3
1582.329317	-7.3
1584.337349	-7.3
1586.345382	-7.3
1588.353414	-7.3
1590.361446	-7.3
1592.369478	-7.3
1594.37751	-7.3
1596.385542	-7.22
1598.393574	-7.3
1600.401606	-7.22
1602.409639	-7.3
1604.417671	-7.22
1606.425703	-7.22
1608.433735	-7.22
1610.441767	-7.22
1612.449799	-7.22
1614.457831	-7.22
1616.465863	-7.22
1618.473896	-7.22
1620.481928	-7.22
1622.48996	-7.22
1624.497992	-7.14
1626.506024	-7.14
1628.514056	-7.22
1630.522088	-7.22
1632.53012	-7.22
1634.538153	-7.14
1636.546185	-7.14
1638.554217	-7.14
1640.562249	-7.14
1642.570281	-7.14
1644.578313	-7.14
1646.586345	-7.14
1648.594378	-7.14
1650.60241	-7.14
1652.610442	-7.14
1654.618474	-7.14
1656.626506	-7.14
1658.634538	-7.14
1660.64257	-7.14
1662.650602	-7.14
1664.658635	-7.14
1666.666667	-7.06
1668.674699	-7.14
1670.682731	-7.14
1672.690763	-7.14
1674.698795	-7.06
1676.706827	-7.06
1678.714859	-7.06
1680.722892	-7.06
1682.730924	-7.06
1684.738956	-7.06
1686.746988	-7.06
1688.75502	-7.06
1690.763052	-7.06
1692.771084	-6.98
1694.779116	-7.06
1696.787149	-6.98
1698.795181	-7.06
1700.803213	-7.06
1702.811245	-7.06
1704.819277	-6.98
1706.827309	-6.98
1708.835341	-6.98
1710.843373	-6.98
1712.851406	-6.98
1714.859438	-6.98
1716.86747	-6.98
1718.875502	-6.98
1720.883534	-6.98
1722.891566	-6.98
1724.899598	-6.98
1726.907631	-6.98
1728.915663	-6.98
1730.923695	-6.98
1732.931727	-6.98
1734.939759	-6.98
1736.947791	-6.98
1738.955823	-6.98
1740.963855	-6.9
1742.971888	-6.98
1744.97992	-6.9
1746.987952	-6.9
1748.995984	-6.9
1751.004016	-6.9
1753.012048	-6.9
1755.02008	-6.9
1757.028112	-6.9
1759.036145	-6.9
1761.044177	-6.9
1763.052209	-6.82
1765.060241	-6.82
1767.068273	-6.9
1769.076305	-6.82
1771.084337	-6.82
1773.092369	-6.82
1775.100402	-6.82
1777.108434	-6.82
1779.116466	-6.82
1781.124498	-6.82
1783.13253	-6.82
1785.140562	-6.82
1787.148594	-6.82
1789.156627	-6.82
1791.164659	-6.82
1793.172691	-6.82
1795.180723	-6.82
1797.188755	-6.82
1799.196787	-6.74
1801.204819	-6.74
1803.212851	-6.74
1805.220884	-6.74
1807.228916	-6.74
1809.236948	-6.82
1811.24498	-6.74
1813.253012	-6.74
1815.261044	-6.74
1817.269076	-6.74
1819.277108	-6.74
1821.285141	-6.74
1823.293173	-6.66
1825.301205	-6.74
1827.309237	-6.66
1829.317269	-6.66
1831.325301	-6.66
1833.333333	-6.66
1835.341365	-6.66
1837.349398	-6.66
1839.35743	-6.66
1841.365462	-6.66
1843.373494	-6.66
1845.381526	-6.58
1847.389558	-6.66
1849.39759	-6.66
1851.405622	-6.66
1853.413655	-6.66
1855.421687	-6.58
1857.429719	-6.58
1859.437751	-6.58
1861.445783	-6.58
1863.453815	-6.58
1865.461847	-6.58
1867.46988	-6.58
1869.477912	-6.58
1871.485944	-6.58
1873.493976	-6.58
1875.502008	-6.58
1877.51004	-6.58
1879.518072	-6.5
1881.526104	-6.5
1883.534137	-6.5
1885.542169	-6.5
1887.550201	-6.5
1889.558233	-6.5
1891.566265	-6.5
1893.574297	-6.5
1895.582329	-6.5
1897.590361	-6.5
1899.598394	-6.5
1901.606426	-6.42
1903.614458	-6.5
1905.62249	-6.42
1907.630522	-6.42
1909.638554	-6.42
1911.646586	-6.42
1913.654618	-6.42
1915.662651	-6.42
1917.670683	-6.42
1919.678715	-6.42
1921.686747	-6.42
1923.694779	-6.42
1925.702811	-6.42
1927.710843	-6.42
1929.718876	-6.34
1931.726908	-6.42
1933.73494	-6.34
1935.742972	-6.34
1937.751004	-6.34
1939.759036	-6.34
1941.767068	-6.34
1943.7751	-6.34
1945.783133	-6.34
1947.791165	-6.34
1949.799197	-6.34
1951.807229	-6.34
1953.815261	-6.26
1955.823293	-6.34
1957.831325	-6.26
1959.839357	-6.26
1961.84739	-6.26
1963.855422	-6.26
1965.863454	-6.26
1967.871486	-6.26
1969.879518	-6.26
1971.88755	-6.26
1973.895582	-6.26
1975.903614	-6.26
1977.911647	-6.26
1979.919679	-6.18
1981.927711	-6.18
1983.935743	-6.18
1985.943775	-6.18
1987.951807	-6.18
1989.959839	-6.18
1991.967871	-6.18
1993.975904	-6.18
1995.983936	-6.18
1997.991968	-6.18
2000	-6.18
1986	-6.18
1988	-6.18
1990	-6.18
1992	-6.18
1994	-6.18
1996	-6.18
1998	-6.1
2000	-6.1
