-2001.204819	2.08
-1999.196787	2
-1997.188755	2.08
-1995.180723	2.08
-1993.172691	2.08
-1991.164659	2.08
-1989.156627	2
-1987.148594	2
-1985.140562	2
-1983.13253	2.08
-1981.124498	2.08
-1979.116466	2.08
-1977.108434	2.08
-1975.100402	2
-1973.092369	2
-1971.084337	2
-1969.076305	2.08
-1967.068273	2
-1965.060241	2
-1963.052209	2
-1961.044177	1.92
-1959.036145	1.92
-1957.028112	1.92
-1955.02008	2
-1953.012048	2
-1951.004016	2
-1948.995984	1.92
-1946.987952	1.92
-1944.97992	1.92
-1942.971888	2
-1940.963855	2
-1938.955823	2
-1936.947791	1.92
-1934.939759	1.92
-1932.931727	1.84
-1930.923695	1.92
-1928.915663	1.92
-1926.907631	2
-1924.899598	1.92
-1922.891566	1.92
-1920.883534	1.84
-1918.875502	1.84
-1916.86747	1.84
-1914.859438	1.92
-1912.851406	1.92
-1910.843373	1.92
-1908.835341	1.92
-1906.827309	1.76
-1904.819277	1.84
-1902.811245	1.76
-1900.803213	1.84
-1898.795181	1.84
-1896.787149	1.84
-1894.779116	1.84
-1892.771084	1.76
-1890.763052	1.76
-1888.75502	1.76
-1886.746988	1.76
-1884.738956	1.84
-1882.730924	1.84
-1880.722892	1.76
-1878.714859	1.68
-1876.706827	1.68
-1874.698795	1.68
-1872.690763	1.76
-1870.682731	1.84
-1868.674699	1.76
-1866.666667	1.68
-1864.658635	1.68
-1862.650602	1.6
-1860.64257	1.68
-1858.634538	1.68
-1856.626506	1.76
-1854.618474	1.68
-1852.610442	1.6
-1850.60241	1.6
-1848.594378	1.68
-1846.586345	1.6
-1844.578313	1.68
-1842.570281	1.76
-1840.562249	1.68
-1838.554217	1.6
-1836.546185	1.6
-1834.538153	1.6
-1832.53012	1.6
-1830.522088	1.68
-1828.514056	1.68
-1826.506024	1.6
-1824.497992	1.6
-1822.48996	1.52
-1820.481928	1.52
-1818.473896	1.6
-1816.465863	1.6
-1814.457831	1.6
-1812.449799	1.52
-1810.441767	1.52
-1808.433735	1.52
-1806.425703	1.52
-1804.417671	1.52
-1802.409639	1.6
-1800.401606	1.6
-1798.393574	1.52
-1796.385542	1.52
-1794.37751	1.44
-1792.369478	1.44
-1790.361446	1.52
-1788.353414	1.52
-1786.345382	1.52
-1784.337349	1.52
-1782.329317	1.44
-1780.321285	1.44
-1778.313253	1.44
-1776.305221	1.44
-1774.297189	1.52
-1772.289157	1.44
-1770.281124	1.44
-1768.273092	1.44
-1766.26506	1.36
-1764.257028	1.44
-1762.248996	1.44
-1760.240964	1.44
-1758.232932	1.52
-1756.2249	1.36
-1754.216867	1.36
-1752.208835	1.36
-1750.200803	1.36
-1748.192771	1.36
-1746.184739	1.44
-1744.176707	1.44
-1742.168675	1.36
-1740.160643	1.2
-1738.15261	1.28
-1736.144578	1.2
-1734.136546	1.28
-1732.128514	1.36
-1730.120482	1.28
-1728.11245	1.2
-1726.104418	1.2
-1724.096386	1.12
-1722.088353	1.2
-1720.080321	1.2
-1718.072289	1.28
-1716.064257	1.2
-1714.056225	1.12
-1712.048193	1.12
-1710.040161	1.04
-1708.032129	1.12
-1706.024096	1.2
-1704.016064	1.12
-1702.008032	1.12
-1700	1.12
-1697.991968	1.04
-1695.983936	0.96
-1693.975904	1.04
-1691.967871	1.12
-1689.959839	1.12
-1687.951807	1.12
-1685.943775	0.96
-1683.935743	0.96
-1681.927711	0.96
-1679.919679	0.96
-1677.911647	1.12
-1675.903614	1.12
-1673.895582	0.96
-1671.88755	0.96
-1669.879518	0.96
-1667.871486	0.88
-1665.863454	0.88
-1663.855422	0.96
-1661.84739	0.96
-1659.839357	0.96
-1657.831325	0.88
-1655.823293	0.88
-1653.815261	0.8
-1651.807229	0.88
-1649.799197	0.88
-1647.791165	0.88
-1645.783133	0.8
-1643.7751	0.8
-1641.767068	0.8
-1639.759036	0.8
-1637.751004	0.8
-1635.742972	0.8
-1633.73494	0.8
-1631.726908	0.8
-1629.718876	0.72
-1627.710843	0.72
-1625.702811	0.72
-1623.694779	0.72
-1621.686747	0.72
-1619.678715	0.8
-1617.670683	0.72
-1615.662651	0.64
-1613.654618	0.56
-1611.646586	0.56
-1609.638554	0.64
-1607.630522	0.72
-1605.62249	0.64
-1603.614458	0.64
-1601.606426	0.56
-1599.598394	0.48
-1597.590361	0.48
-1595.582329	0.56
-1593.574297	0.56
-1591.566265	0.56
-1589.558233	0.48
-1587.550201	0.4
-1585.542169	0.4
-1583.534137	0.4
-1581.526104	0.4
-1579.518072	0.48
-1577.51004	0.48
-1575.502008	0.4
-1573.493976	0.4
-1571.485944	0.32
-1569.477912	0.24
-1567.46988	0.4
-1565.461847	0.4
-1563.453815	0.4
-1561.445783	0.32
-1559.437751	0.24
-1557.429719	0.24
-1555.421687	0.16
-1553.413655	0.32
-1551.405622	0.32
-1549.39759	0.32
-1547.389558	0.16
-1545.381526	0.16
-1543.373494	0.08
-1541.365462	0.16
-1539.35743	0.16
-1537.349398	0.16
-1535.341365	0.16
-1533.333333	0.08
-1531.325301	0.08
-1529.317269	0
-1527.309237	0.08
-1525.301205	0
-1523.293173	0
-1521.285141	0.08
-1519.277108	0.08
-1517.269076	0
-1515.261044	-0.08
-1513.253012	-0.08
-1511.24498	0
-1509.236948	0
-1507.228916	0
-1505.220884	-0.08
-1503.212851	-0.08
-1501.204819	-0.16
-1499.196787	-0.16
-1497.188755	-0.16
-1495.180723	-0.08
-1493.172691	-0.08
-1491.164659	-0.16
-1489.156627	-0.24
-1487.148594	-0.24
-1485.140562	-0.32
-1483.13253	-0.24
-1481.124498	-0.16
-1479.116466	-0.24
-1477.108434	-0.32
-1475.100402	-0.4
-1473.092369	-0.48
-1471.084337	-0.4
-1469.076305	-0.32
-1467.068273	-0.32
-1465.060241	-0.4
-1463.052209	-0.4
-1461.044177	-0.56
-1459.036145	-0.56
-1457.028112	-0.56
-1455.02008	-0.56
-1453.012048	-0.48
-1451.004016	-0.56
-1448.995984	-0.56
-1446.987952	-0.64
-1444.97992	-0.72
-1442.971888	-0.72
-1440.963855	-0.72
-1438.955823	-0.64
-1436.947791	-0.72
-1434.939759	-0.72
-1432.931727	-0.8
-1430.923695	-0.8
-1428.915663	-0.8
-1426.907631	-0.8
-1424.899598	-0.72
-1422.891566	-0.8
-1420.883534	-0.8
-1418.875502	-0.96
-1416.86747	-0.96
-1414.859438	-0.96
-1412.851406	-0.88
-1410.843373	-0.96
-1408.835341	-0.88
-1406.827309	-0.96
-1404.819277	-1.04
-1402.811245	-1.04
-1400.803213	-1.04
-1398.795181	-0.96
-1396.787149	-1.04
-1394.779116	-1.04
-1392.771084	-1.12
-1390.763052	-1.2
-1388.75502	-1.28
-1386.746988	-1.2
-1384.738956	-1.2
-1382.730924	-1.12
-1380.722892	-1.2
-1378.714859	-1.28
-1376.706827	-1.36
-1374.698795	-1.36
-1372.690763	-1.36
-1370.682731	-1.28
-1368.674699	-1.36
-1366.666667	-1.44
-1364.658635	-1.52
-1362.650602	-1.52
-1360.64257	-1.6
-1358.634538	-1.6
-1356.626506	-1.52
-1354.618474	-1.52
-1352.610442	-1.6
-1350.60241	-1.68
-1348.594378	-1.68
-1346.586345	-1.76
-1344.578313	-1.68
-1342.570281	-1.68
-1340.562249	-1.68
-1338.554217	-1.76
-1336.546185	-1.84
-1334.538153	-1.92
-1332.53012	-1.92
-1330.522088	-1.92
-1328.514056	-1.84
-1326.506024	-1.92
-1324.497992	-1.92
-1322.48996	-2
-1320.481928	-2.08
-1318.473896	-2.08
-1316.465863	-2.08
-1314.457831	-2
-1312.449799	-2
-1310.441767	-2.08
-1308.433735	-2.08
-1306.425703	-2.24
-1304.417671	-2.24
-1302.409639	-2.24
-1300.401606	-2.16
-1298.393574	-2.16
-1296.385542	-2.24
-1294.37751	-2.32
-1292.369478	-2.4
-1290.361446	-2.4
-1288.353414	-2.4
-1286.345382	-2.4
-1284.337349	-2.32
-1282.329317	-2.48
-1280.321285	-2.48
-1278.313253	-2.64
-1276.305221	-2.64
-1274.297189	-2.56
-1272.289157	-2.48
-1270.281124	-2.64
-1268.273092	-2.72
-1266.26506	-2.88
-1264.257028	-2.96
-1262.248996	-2.96
-1260.240964	-2.88
-1258.232932	-2.8
-1256.2249	-2.88
-1254.216867	-2.96
-1252.208835	-3.04
-1250.200803	-3.12
-1248.192771	-3.12
-1246.184739	-3.04
-1244.176707	-3.04
-1242.168675	-3.04
-1240.160643	-3.12
-1238.15261	-3.2
-1236.144578	-3.28
-1234.136546	-3.28
-1232.128514	-3.2
-1230.120482	-3.2
-1228.11245	-3.28
-1226.104418	-3.36
-1224.096386	-3.44
-1222.088353	-3.6
-1220.080321	-3.68
-1218.072289	-3.52
-1216.064257	-3.44
-1214.056225	-3.52
-1212.048193	-3.68
-1210.040161	-3.76
-1208.032129	-3.84
-1206.024096	-3.92
-1204.016064	-3.84
-1202.008032	-3.84
-1200	-3.84
-1197.991968	-4
-1195.983936	-4.16
-1193.975904	-4.16
-1191.967871	-4.24
-1189.959839	-4.16
-1187.951807	-4
-1185.943775	-4.16
-1183.935743	-4.24
-1181.927711	-4.32
-1179.919679	-4.4
-1177.911647	-4.4
-1175.903614	-4.4
-1173.895582	-4.32
-1171.88755	-4.4
-1169.879518	-4.48
-1167.871486	-4.56
-1165.863454	-4.64
-1163.855422	-4.64
-1161.84739	-4.56
-1159.839357	-4.56
-1157.831325	-4.56
-1155.823293	-4.72
-1153.815261	-4.88
-1151.807229	-4.88
-1149.799197	-4.88
-1147.791165	-4.72
-1145.783133	-4.72
-1143.7751	-4.8
-1141.767068	-5.04
-1139.759036	-5.12
-1137.751004	-5.2
-1135.742972	-5.12
-1133.73494	-5.04
-1131.726908	-5.04
-1129.718876	-5.12
-1127.710843	-5.28
-1125.702811	-5.36
-1123.694779	-5.44
-1121.686747	-5.36
-1119.678715	-5.36
-1117.670683	-5.36
-1115.662651	-5.44
-1113.654618	-5.52
-1111.646586	-5.6
-1109.638554	-5.6
-1107.630522	-5.6
-1105.62249	-5.6
-1103.614458	-5.6
-1101.606426	-5.76
-1099.598394	-5.76
-1097.590361	-5.76
-1095.582329	-5.84
-1093.574297	-5.76
-1091.566265	-5.76
-1089.558233	-5.76
-1087.550201	-5.92
-1085.542169	-6
-1083.534137	-6.08
-1081.526104	-6.08
-1079.518072	-6.08
-1077.51004	-6
-1075.502008	-6
-1073.493976	-6.08
-1071.485944	-6.24
-1069.477912	-6.4
-1067.46988	-6.4
-1065.461847	-6.32
-1063.453815	-6.32
-1061.445783	-6.24
-1059.437751	-6.4
-1057.429719	-6.48
-1055.421687	-6.64
-1053.413655	-6.64
-1051.405622	-6.48
-1049.39759	-6.48
-1047.389558	-6.56
-1045.381526	-6.64
-1043.373494	-6.8
-1041.365462	-6.8
-1039.35743	-6.88
-1037.349398	-6.8
-1035.341365	-6.8
-1033.333333	-6.88
-1031.325301	-6.88
-1029.317269	-6.96
-1027.309237	-7.04
-1025.301205	-7.04
-1023.293173	-6.96
-1021.285141	-6.96
-1019.277108	-7.04
-1017.269076	-7.12
-1015.261044	-7.12
-1013.253012	-7.2
-1011.24498	-7.28
-1009.236948	-7.2
-1007.228916	-7.12
-1005.220884	-7.2
-1003.212851	-7.36
-1001.204819	-7.44
-999.1967871	-7.44
-997.188755	-7.52
-995.1807229	-7.44
-993.1726908	-7.44
-991.1646586	-7.44
-989.1566265	-7.6
-987.1485944	-7.68
-985.1405622	-7.6
-983.1325301	-7.68
-981.124498	-7.68
-979.1164659	-7.6
-977.1084337	-7.68
-975.1004016	-7.76
-973.0923695	-7.84
-971.0843373	-7.84
-969.0763052	-7.76
-967.0682731	-7.76
-965.060241	-7.76
-963.0522088	-7.92
-961.0441767	-7.84
-959.0361446	-7.92
-957.0281124	-7.92
-955.0200803	-8
-953.0120482	-7.92
-951.0040161	-8
-948.9959839	-8
-946.9879518	-8.08
-944.9799197	-8.08
-942.9718876	-8.16
-940.9638554	-8.16
-938.9558233	-8.16
-936.9477912	-8.16
-934.939759	-8.24
-932.9317269	-8.32
-930.9236948	-8.32
-928.9156627	-8.32
-926.9076305	-8.32
-924.8995984	-8.32
-922.8915663	-8.4
-920.8835341	-8.4
-918.875502	-8.48
-916.8674699	-8.48
-914.8594378	-8.56
-912.8514056	-8.56
-910.8433735	-8.48
-908.8353414	-8.56
-906.8273092	-8.64
-904.8192771	-8.72
-902.811245	-8.72
-900.8032129	-8.72
-898.7951807	-8.72
-896.7871486	-8.72
-894.7791165	-8.72
-892.7710843	-8.8
-890.7630522	-8.8
-888.7550201	-8.88
-886.746988	-8.88
-884.7389558	-8.8
-882.7309237	-8.88
-880.7228916	-8.88
-878.7148594	-8.88
-876.7068273	-8.96
-874.6987952	-8.96
-872.6907631	-8.88
-870.6827309	-8.96
-868.6746988	-8.96
-866.6666667	-9.04
-864.6586345	-9.04
-862.6506024	-9.04
-860.6425703	-9.04
-858.6345382	-9.04
-856.626506	-9.04
-854.6184739	-9.12
-852.6104418	-9.12
-850.6024096	-9.2
-848.5943775	-9.2
-846.5863454	-9.2
-844.5783133	-9.2
-842.5702811	-9.2
-840.562249	-9.28
-838.5542169	-9.28
-836.5461847	-9.36
-834.5381526	-9.36
-832.5301205	-9.36
-830.5220884	-9.36
-828.5140562	-9.36
-826.5060241	-9.44
-824.497992	-9.52
-822.4899598	-9.52
-820.4819277	-9.52
-818.4738956	-9.52
-816.4658635	-9.52
-814.4578313	-9.52
-812.4497992	-9.52
-810.4417671	-9.6
-808.4337349	-9.6
-806.4257028	-9.6
-804.4176707	-9.6
-802.4096386	-9.6
-800.4016064	-9.68
-798.3935743	-9.68
-796.3855422	-9.68
-794.37751	-9.68
-792.3694779	-9.68
-790.3614458	-9.68
-788.3534137	-9.68
-786.3453815	-9.68
-784.3373494	-9.76
-782.3293173	-9.76
-780.3212851	-9.76
-778.313253	-9.76
-776.3052209	-9.76
-774.2971888	-9.76
-772.2891566	-9.84
-770.2811245	-9.84
-768.2730924	-9.92
-766.2650602	-9.92
-764.2570281	-9.92
-762.248996	-9.92
-760.2409639	-9.92
-758.2329317	-9.92
-756.2248996	-10
-754.2168675	-10.08
-752.2088353	-10.08
-750.2008032	-10
-748.1927711	-10
-746.184739	-10
-744.1767068	-10.08
-742.1686747	-10.08
-740.1606426	-10.08
-738.1526104	-10.16
-736.1445783	-10.16
-734.1365462	-10.08
-732.1285141	-10.08
-730.1204819	-10.16
-728.1124498	-10.24
-726.1044177	-10.16
-724.0963855	-10.24
-722.0883534	-10.16
-720.0803213	-10.16
-718.0722892	-10.24
-716.064257	-10.24
-714.0562249	-10.24
-712.0481928	-10.24
-710.0401606	-10.24
-708.0321285	-10.16
-706.0240964	-10.16
-704.0160643	-10.24
-702.0080321	-10.24
-700	-10.24
-697.9919679	-10.24
-695.9839357	-10.24
-693.9759036	-10.24
-691.9678715	-10.24
-689.9598394	-10.24
-687.9518072	-10.24
-685.9437751	-10.32
-683.935743	-10.24
-681.9277108	-10.24
-679.9196787	-10.16
-677.9116466	-10.24
-675.9036145	-10.24
-673.8955823	-10.32
-671.8875502	-10.32
-669.8795181	-10.24
-667.8714859	-10.24
-665.8634538	-10.24
-663.8554217	-10.24
-661.8473896	-10.32
-659.8393574	-10.32
-657.8313253	-10.4
-655.8232932	-10.32
-653.815261	-10.24
-651.8072289	-10.16
-649.7991968	-10.24
-647.7911647	-10.24
-645.7831325	-10.32
-643.7751004	-10.24
-641.7670683	-10.24
-639.7590361	-10.16
-637.751004	-10.08
-635.7429719	-10.08
-633.7349398	-10.16
-631.7269076	-10.24
-629.7188755	-10.24
-627.7108434	-10.16
-625.7028112	-10.08
-623.6947791	-10
-621.686747	-10
-619.6787149	-10.08
-617.6706827	-10.16
-615.6626506	-10.08
-613.6546185	-10
-611.6465863	-10
-609.6385542	-9.92
-607.6305221	-9.92
-605.62249	-9.92
-603.6144578	-10
-601.6064257	-9.92
-599.5983936	-9.92
-597.5903614	-9.84
-595.5823293	-9.76
-593.5742972	-9.76
-591.5662651	-9.84
-589.5582329	-9.84
-587.5502008	-9.92
-585.5421687	-9.76
-583.5341365	-9.68
-581.5261044	-9.6
-579.5180723	-9.6
-577.5100402	-9.68
-575.502008	-9.84
-573.4939759	-9.68
-571.4859438	-9.6
-569.4779116	-9.36
-567.4698795	-9.36
-565.4618474	-9.36
-563.4538153	-9.52
-561.4457831	-9.52
-559.437751	-9.52
-557.4297189	-9.36
-555.4216867	-9.28
-553.4136546	-9.12
-551.4056225	-9.28
-549.3975904	-9.36
-547.3895582	-9.36
-545.3815261	-9.28
-543.373494	-9.2
-541.3654618	-9.04
-539.3574297	-9.04
-537.3493976	-8.96
-535.3413655	-9.2
-533.3333333	-9.2
-531.3253012	-9.12
-529.3172691	-8.96
-527.3092369	-8.88
-525.3012048	-8.8
-523.2931727	-8.8
-521.2851406	-8.96
-519.2771084	-8.96
-517.2690763	-8.88
-515.2610442	-8.72
-513.253012	-8.56
-511.2449799	-8.4
-509.2369478	-8.4
-507.2289157	-8.56
-505.2208835	-8.56
-503.2128514	-8.4
-501.2048193	-8.16
-499.1967871	-7.76
-497.188755	-7.76
-495.1807229	-7.68
-493.1726908	-7.92
-491.1646586	-7.84
-489.1566265	-7.68
-487.1485944	-7.36
-485.1405622	-7.04
-483.1325301	-6.88
-481.124498	-7.04
-479.1164659	-7.28
-477.1084337	-7.28
-475.1004016	-6.96
-473.0923695	-6.72
-471.0843373	-6.4
-469.0763052	-6.32
-467.0682731	-6.4
-465.060241	-6.56
-463.0522088	-6.56
-461.0441767	-6.32
-459.0361446	-6.08
-457.0281124	-5.84
-455.0200803	-5.76
-453.0120482	-5.76
-451.0040161	-6
-448.9959839	-6.08
-446.9879518	-5.76
-444.9799197	-5.52
-442.9718876	-5.28
-440.9638554	-5.12
-438.9558233	-5.2
-436.9477912	-5.44
-434.939759	-5.44
-432.9317269	-5.2
-430.9236948	-5.04
-428.9156627	-4.72
-426.9076305	-4.72
-424.8995984	-4.8
-422.8915663	-4.88
-420.8835341	-4.96
-418.875502	-4.72
-416.8674699	-4.56
-414.8594378	-4.4
-412.8514056	-4.32
-410.8433735	-4.4
-408.8353414	-4.48
-406.8273092	-4.48
-404.8192771	-4.32
-402.811245	-4.24
-400.8032129	-4.16
-398.7951807	-4.08
-396.7871486	-4.16
-394.7791165	-4.16
-392.7710843	-4.16
-390.7630522	-4.16
-388.7550201	-4.08
-386.746988	-4
-384.7389558	-3.92
-382.7309237	-4
-380.7228916	-4.08
-378.7148594	-4
-376.7068273	-4
-374.6987952	-3.84
-372.6907631	-3.84
-370.6827309	-3.84
-368.6746988	-3.84
-366.6666667	-3.84
-364.6586345	-3.84
-362.6506024	-3.84
-360.6425703	-3.76
-358.6345382	-3.68
-356.626506	-3.68
-354.6184739	-3.68
-352.6104418	-3.68
-350.6024096	-3.68
-348.5943775	-3.68
-346.5863454	-3.6
-344.5783133	-3.6
-342.5702811	-3.6
-340.562249	-3.6
-338.5542169	-3.6
-336.5461847	-3.6
-334.5381526	-3.6
-332.5301205	-3.44
-330.5220884	-3.44
-328.5140562	-3.44
-326.5060241	-3.44
-324.497992	-3.44
-322.4899598	-3.44
-320.4819277	-3.36
-318.4738956	-3.28
-316.4658635	-3.28
-314.4578313	-3.28
-312.4497992	-3.28
-310.4417671	-3.36
-308.4337349	-3.2
-306.4257028	-3.2
-304.4176707	-3.2
-302.4096386	-3.2
-300.4016064	-3.2
-298.3935743	-3.2
-296.3855422	-3.2
-294.37751	-3.2
-292.3694779	-3.12
-290.3614458	-3.04
-288.3534137	-3.04
-286.3453815	-3.04
-284.3373494	-3.04
-282.3293173	-3.04
-280.3212851	-3.04
-278.313253	-3.04
-276.3052209	-2.96
-274.2971888	-2.96
-272.2891566	-2.88
-270.2811245	-2.96
-268.2730924	-2.96
-266.2650602	-2.96
-264.2570281	-2.88
-262.248996	-2.88
-260.2409639	-2.88
-258.2329317	-2.88
-256.2248996	-2.88
-254.2168675	-2.88
-252.2088353	-2.88
-250.2008032	-2.88
-248.1927711	-2.88
-246.184739	-2.96
-244.1767068	-2.88
-242.1686747	-2.88
-240.1606426	-2.88
-238.1526104	-2.96
-236.1445783	-2.96
-234.1365462	-2.96
-232.1285141	-3.04
-230.1204819	-3.04
-228.1124498	-2.96
-226.1044177	-2.96
-224.0963855	-3.04
-222.0883534	-3.04
-220.0803213	-3.12
-218.0722892	-3.12
-216.064257	-3.04
-214.0562249	-3.12
-212.0481928	-3.12
-210.0401606	-3.12
-208.0321285	-3.2
-206.0240964	-3.2
-204.0160643	-3.12
-202.0080321	-3.2
-200	-3.12
-197.9919679	-3.2
-195.9839357	-3.2
-193.9759036	-3.2
-191.9678715	-3.04
-189.9598394	-3.04
-187.9518072	-3.12
-185.9437751	-3.12
-183.935743	-3.12
-181.9277108	-3.12
-179.9196787	-3.04
-177.9116466	-2.96
-175.9036145	-2.88
-173.8955823	-2.96
-171.8875502	-2.96
-169.8795181	-3.04
-167.8714859	-2.88
-165.8634538	-2.8
-163.8554217	-2.72
-161.8473896	-2.64
-159.8393574	-2.72
-157.8313253	-2.72
-155.8232932	-2.72
-153.815261	-2.64
-151.8072289	-2.48
-149.7991968	-2.4
-147.7911647	-2.32
-145.7831325	-2.4
-143.7751004	-2.48
-141.7670683	-2.4
-139.7590361	-2.32
-137.751004	-2.16
-135.7429719	-1.92
-133.7349398	-1.84
-131.7269076	-1.92
-129.7188755	-2.08
-127.7108434	-1.92
-125.7028112	-1.68
-123.6947791	-1.44
-121.686747	-1.28
-119.6787149	-1.28
-117.6706827	-1.36
-115.6626506	-1.44
-113.6546185	-1.36
-111.6465863	-1.12
-109.6385542	-0.96
-107.6305221	-0.88
-105.62249	-0.72
-103.6144578	-0.88
-101.6064257	-0.88
-99.59839357	-0.88
-97.59036145	-0.64
-95.58232932	-0.48
-93.57429719	-0.32
-91.56626506	-0.4
-89.55823293	-0.4
-87.5502008	-0.56
-85.54216867	-0.4
-83.53413655	-0.24
-81.52610442	0
-79.51807229	0.08
-77.51004016	0.24
-75.50200803	0
-73.4939759	-0.08
-71.48594378	0.08
-69.47791165	0.32
-67.46987952	0.48
-65.46184739	0.56
-63.45381526	0.56
-61.44578313	0.48
-59.437751	0.4
-57.42971888	0.56
-55.42168675	0.64
-53.41365462	0.64
-51.40562249	0.64
-49.39759036	0.64
-47.38955823	0.64
-45.3815261	0.72
-43.37349398	0.64
-41.36546185	0.64
-39.35742972	0.48
-37.34939759	0.4
-35.34136546	0.48
-33.33333333	0.56
-31.3253012	0.56
-29.31726908	0.48
-27.30923695	0.24
-25.30120482	-0.08
-23.29317269	-0.32
-21.28514056	-0.16
-19.27710843	0.08
-17.26907631	0
-15.26104418	-0.4
-13.25301205	-0.8
-11.24497992	-1.28
-9.236947791	-1.36
-7.228915663	-1.28
-5.220883534	-1.04
-3.212851406	-1.04
-1.204819277	-1.36
0.803212851	-1.6
2.81124498	-1.68
4.819277108	-1.68
6.827309237	-1.68
8.835341365	-1.68
10.84337349	-1.6
12.85140562	-1.68
14.85943775	-1.76
16.86746988	-1.68
18.87550201	-1.68
20.88353414	-1.68
22.89156627	-1.76
24.89959839	-1.76
26.90763052	-1.68
28.91566265	-1.6
30.92369478	-1.52
32.93172691	-1.52
34.93975904	-1.52
36.94779116	-1.6
38.95582329	-1.52
40.96385542	-1.44
42.97188755	-1.2
44.97991968	-1.12
46.98795181	-0.96
48.99598394	-1.2
51.00401606	-1.28
53.01204819	-1.2
55.02008032	-0.96
57.02811245	-0.8
59.03614458	-0.48
61.04417671	-0.56
63.05220884	-0.56
65.06024096	-0.72
67.06827309	-0.56
69.07630522	-0.4
71.08433735	-0.16
73.09236948	-0.16
75.10040161	-0.08
77.10843373	-0.24
79.11646586	-0.24
81.12449799	-0.16
83.13253012	0.08
85.14056225	0.16
87.14859438	0.24
89.15662651	0.16
91.16465863	0.16
93.17269076	0.16
95.18072289	0.24
97.18875502	0.4
99.19678715	0.48
101.2048193	0.56
103.2128514	0.56
105.2208835	0.48
107.2289157	0.48
109.2369478	0.56
111.2449799	0.72
113.253012	0.88
115.2610442	0.96
117.2690763	0.96
119.2771084	0.8
121.2851406	0.88
123.2931727	1.04
125.3012048	1.2
127.3092369	1.2
129.3172691	1.36
131.3253012	1.36
133.3333333	1.28
135.3413655	1.2
137.3493976	1.44
139.3574297	1.52
141.3654618	1.6
143.373494	1.68
145.3815261	1.68
147.3895582	1.52
149.3975904	1.68
151.4056225	1.76
153.4136546	1.76
155.4216867	1.84
157.4297189	1.84
159.437751	1.84
161.4457831	1.76
163.4538153	1.84
165.4618474	1.92
167.4698795	1.92
169.4779116	2
171.4859438	1.92
173.4939759	2
175.502008	1.92
177.5100402	1.92
179.5180723	2.08
181.5261044	2
183.5341365	2
185.5421687	2.08
187.5502008	2
189.5582329	2
191.5662651	2.08
193.5742972	2.08
195.5823293	2
197.5903614	2
199.5983936	2
201.6064257	2
203.6144578	2
205.62249	2
207.6305221	1.92
209.6385542	1.92
211.6465863	1.84
213.6546185	1.84
215.6626506	1.84
217.6706827	1.92
219.6787149	1.84
221.686747	1.84
223.6947791	1.76
225.7028112	1.76
227.7108434	1.68
229.7188755	1.68
231.7269076	1.68
233.7349398	1.68
235.7429719	1.6
237.751004	1.6
239.7590361	1.6
241.7670683	1.6
243.7751004	1.6
245.7831325	1.6
247.7911647	1.6
249.7991968	1.6
251.8072289	1.52
253.815261	1.52
255.8232932	1.52
257.8313253	1.52
259.8393574	1.52
261.8473896	1.6
263.8554217	1.6
265.8634538	1.52
267.8714859	1.6
269.8795181	1.6
271.8875502	1.6
273.8955823	1.6
275.9036145	1.6
277.9116466	1.68
279.9196787	1.76
281.9277108	1.76
283.935743	1.68
285.9437751	1.68
287.9518072	1.68
289.9598394	1.76
291.9678715	1.84
293.9759036	1.84
295.9839357	1.84
297.9919679	1.76
300	1.76
302.0080321	1.84
304.0160643	1.84
306.0240964	1.92
308.0321285	1.92
310.0401606	1.92
312.0481928	1.92
314.0562249	1.92
316.064257	1.92
318.0722892	2
320.0803213	2
322.0883534	2.08
324.0963855	2.08
326.1044177	2.08
328.1124498	2.08
330.1204819	2.08
332.1285141	2.08
334.1365462	2.16
336.1445783	2.24
338.1526104	2.16
340.1606426	2.16
342.1686747	2.16
344.1767068	2.16
346.184739	2.24
348.1927711	2.32
350.2008032	2.48
352.2088353	2.4
354.2168675	2.4
356.2248996	2.4
358.2329317	2.4
360.2409639	2.48
362.248996	2.56
364.2570281	2.64
366.2650602	2.64
368.2730924	2.64
370.2811245	2.64
372.2891566	2.64
374.2971888	2.72
376.3052209	2.8
378.313253	2.88
380.3212851	2.8
382.3293173	2.88
384.3373494	2.88
386.3453815	2.96
388.3534137	3.04
390.3614458	3.12
392.3694779	3.2
394.37751	3.2
396.3855422	3.12
398.3935743	3.2
400.4016064	3.2
402.4096386	3.36
404.4176707	3.6
406.4257028	3.84
408.4337349	3.84
410.4417671	3.76
412.4497992	3.76
414.4578313	3.84
416.4658635	4.16
418.4738956	4.4
420.4819277	4.56
422.4899598	4.64
424.497992	4.64
426.5060241	4.56
428.5140562	4.64
430.5220884	4.88
432.5301205	5.12
434.5381526	5.2
436.5461847	5.28
438.5542169	5.2
440.562249	5.2
442.5702811	5.28
444.5783133	5.52
446.5863454	5.6
448.5943775	5.84
450.6024096	5.84
452.6104418	5.84
454.6184739	5.76
456.626506	5.84
458.6345382	6
460.6425703	6.24
462.6506024	6.24
464.6586345	6.24
466.6666667	6.16
468.6746988	6.16
470.6827309	6.24
472.6907631	6.32
474.6987952	6.24
476.7068273	6.32
478.7148594	6.32
480.7228916	6.32
482.7309237	6.32
484.7389558	6.4
486.746988	6.4
488.7550201	6.32
490.7630522	6.32
492.7710843	6.24
494.7791165	6.32
496.7871486	6.4
498.7951807	6.32
500.8032129	6.32
502.811245	6.24
504.8192771	6.16
506.8273092	6.16
508.8353414	6.24
510.8433735	6.32
512.8514056	6.32
514.8594378	6.16
516.8674699	6.08
518.875502	6.08
520.8835341	6.08
522.8915663	6.08
524.8995984	6.16
526.9076305	6.08
528.9156627	6.08
530.9236948	5.92
532.9317269	5.92
534.939759	5.92
536.9477912	5.92
538.9558233	6.08
540.9638554	5.92
542.9718876	5.92
544.9799197	5.84
546.9879518	5.84
548.9959839	5.84
551.0040161	5.84
553.0120482	5.84
555.0200803	5.84
557.0281124	5.84
559.0361446	5.76
561.0441767	5.68
563.0522088	5.68
565.060241	5.76
567.0682731	5.76
569.0763052	5.68
571.0843373	5.68
573.0923695	5.52
575.1004016	5.44
577.1084337	5.52
579.1164659	5.52
581.124498	5.6
583.1325301	5.52
585.1405622	5.44
587.1485944	5.44
589.1566265	5.28
591.1646586	5.28
593.1726908	5.36
595.1807229	5.44
597.188755	5.36
599.1967871	5.28
601.2048193	5.12
603.2128514	5.12
605.2208835	5.12
607.2289157	5.12
609.2369478	5.2
611.2449799	5.2
613.253012	5.12
615.2610442	5.04
617.2690763	4.96
619.2771084	4.96
621.2851406	5.04
623.2931727	5.12
625.3012048	4.96
627.3092369	4.88
629.3172691	4.88
631.3253012	4.8
633.3333333	4.88
635.3413655	4.88
637.3493976	4.96
639.3574297	4.88
641.3654618	4.72
643.373494	4.64
645.3815261	4.56
647.3895582	4.64
649.3975904	4.72
651.4056225	4.72
653.4136546	4.64
655.4216867	4.56
657.4297189	4.48
659.437751	4.4
661.4457831	4.48
663.4538153	4.56
665.4618474	4.56
667.4698795	4.48
669.4779116	4.4
671.4859438	4.32
673.4939759	4.24
675.502008	4.32
677.5100402	4.32
679.5180723	4.32
681.5261044	4.24
683.5341365	4.24
685.5421687	4.08
687.5502008	4.08
689.5582329	4.08
691.5662651	4.16
693.5742972	4.16
695.5823293	4.16
697.5903614	4
699.5983936	4
701.6064257	3.92
703.6144578	4
705.62249	4
707.6305221	4
709.6385542	4
711.6465863	3.84
713.6546185	3.76
715.6626506	3.76
717.6706827	3.76
719.6787149	3.84
721.686747	3.84
723.6947791	3.76
725.7028112	3.68
727.7108434	3.52
729.7188755	3.44
731.7269076	3.6
733.7349398	3.6
735.7429719	3.52
737.751004	3.52
739.7590361	3.36
741.7670683	3.28
743.7751004	3.28
745.7831325	3.36
747.7911647	3.44
749.7991968	3.36
751.8072289	3.28
753.815261	3.2
755.8232932	3.2
757.8313253	3.2
759.8393574	3.2
761.8473896	3.2
763.8554217	3.2
765.8634538	3.2
767.8714859	3.04
769.8795181	3.04
771.8875502	2.96
773.8955823	2.96
775.9036145	3.04
777.9116466	3.04
779.9196787	2.88
781.9277108	2.8
783.935743	2.72
785.9437751	2.64
787.9518072	2.8
789.9598394	2.8
791.9678715	2.8
793.9759036	2.64
795.9839357	2.48
797.9919679	2.48
800	2.48
802.0080321	2.48
804.0160643	2.48
806.0240964	2.4
808.0321285	2.32
810.0401606	2.24
812.0481928	2.08
814.0562249	2.08
816.064257	2.16
818.0722892	2.24
820.0803213	2.16
822.0883534	2.08
824.0963855	2
826.1044177	1.92
828.1124498	1.92
830.1204819	1.92
832.1285141	2
834.1365462	1.92
836.1445783	1.84
838.1526104	1.68
840.1606426	1.68
842.1686747	1.68
844.1767068	1.76
846.184739	1.76
848.1927711	1.68
850.2008032	1.6
852.2088353	1.52
854.2168675	1.36
856.2248996	1.44
858.2329317	1.52
860.2409639	1.52
862.248996	1.36
864.2570281	1.28
866.2650602	1.12
868.2730924	1.12
870.2811245	1.12
872.2891566	1.2
874.2971888	1.2
876.3052209	1.04
878.313253	0.88
880.3212851	0.8
882.3293173	0.72
884.3373494	0.8
886.3453815	0.88
888.3534137	0.8
890.3614458	0.8
892.3694779	0.64
894.37751	0.56
896.3855422	0.56
898.3935743	0.56
900.4016064	0.64
902.4096386	0.56
904.4176707	0.48
906.4257028	0.4
908.4337349	0.4
910.4417671	0.32
912.4497992	0.32
914.4578313	0.4
916.4658635	0.24
918.4738956	0.16
920.4819277	0.08
922.4899598	-0.08
924.497992	-0.08
926.5060241	-0.08
928.5140562	0
930.5220884	0
932.5301205	-0.08
934.5381526	-0.32
936.5461847	-0.4
938.5542169	-0.4
940.562249	-0.4
942.5702811	-0.32
944.5783133	-0.4
946.5863454	-0.48
948.5943775	-0.56
950.6024096	-0.64
952.6104418	-0.72
954.6184739	-0.64
956.626506	-0.64
958.6345382	-0.64
960.6425703	-0.72
962.6506024	-0.88
964.6586345	-0.88
966.6666667	-0.96
968.6746988	-0.88
970.6827309	-0.8
972.6907631	-0.88
974.6987952	-1.04
976.7068273	-1.12
978.7148594	-1.28
980.7228916	-1.36
982.7309237	-1.28
984.7389558	-1.28
986.746988	-1.36
988.7550201	-1.44
990.7630522	-1.6
992.7710843	-1.6
994.7791165	-1.6
996.7871486	-1.52
998.7951807	-1.52
1000.803213	-1.6
1002.811245	-1.68
1004.819277	-1.76
1006.827309	-1.84
1008.835341	-1.76
1010.843373	-1.84
1012.851406	-1.84
1014.859438	-1.84
1016.86747	-1.92
1018.875502	-2
1020.883534	-2.08
1022.891566	-2
1024.899598	-2
1026.907631	-2
1028.915663	-2.08
1030.923695	-2.24
1032.931727	-2.32
1034.939759	-2.32
1036.947791	-2.32
1038.955823	-2.24
1040.963855	-2.24
1042.971888	-2.4
1044.97992	-2.48
1046.987952	-2.48
1048.995984	-2.56
1051.004016	-2.48
1053.012048	-2.48
1055.02008	-2.48
1057.028112	-2.56
1059.036145	-2.64
1061.044177	-2.72
1063.052209	-2.64
1065.060241	-2.64
1067.068273	-2.64
1069.076305	-2.72
1071.084337	-2.72
1073.092369	-2.8
1075.100402	-2.88
1077.108434	-2.88
1079.116466	-2.88
1081.124498	-2.88
1083.13253	-2.88
1085.140562	-3.04
1087.148594	-3.04
1089.156627	-3.04
1091.164659	-3.04
1093.172691	-3.04
1095.180723	-3.04
1097.188755	-3.12
1099.196787	-3.12
1101.204819	-3.2
1103.212851	-3.36
1105.220884	-3.36
1107.228916	-3.28
1109.236948	-3.28
1111.24498	-3.36
1113.253012	-3.44
1115.261044	-3.44
1117.269076	-3.52
1119.277108	-3.52
1121.285141	-3.52
1123.293173	-3.52
1125.301205	-3.52
1127.309237	-3.6
1129.317269	-3.6
1131.325301	-3.6
1133.333333	-3.6
1135.341365	-3.6
1137.349398	-3.6
1139.35743	-3.6
1141.365462	-3.68
1143.373494	-3.68
1145.381526	-3.76
1147.389558	-3.68
1149.39759	-3.76
1151.405622	-3.76
1153.413655	-3.76
1155.421687	-3.84
1157.429719	-3.92
1159.437751	-3.84
1161.445783	-3.92
1163.453815	-3.92
1165.461847	-3.92
1167.46988	-3.92
1169.477912	-4
1171.485944	-4.08
1173.493976	-4.16
1175.502008	-4.08
1177.51004	-4.08
1179.518072	-4.16
1181.526104	-4.16
1183.534137	-4.24
1185.542169	-4.24
1187.550201	-4.32
1189.558233	-4.24
1191.566265	-4.24
1193.574297	-4.24
1195.582329	-4.32
1197.590361	-4.4
1199.598394	-4.4
1201.606426	-4.4
1203.614458	-4.4
1205.62249	-4.4
1207.630522	-4.4
1209.638554	-4.4
1211.646586	-4.48
1213.654618	-4.48
1215.662651	-4.48
1217.670683	-4.48
1219.678715	-4.48
1221.686747	-4.56
1223.694779	-4.48
1225.702811	-4.56
1227.710843	-4.56
1229.718876	-4.56
1231.726908	-4.56
1233.73494	-4.56
1235.742972	-4.56
1237.751004	-4.64
1239.759036	-4.64
1241.767068	-4.72
1243.7751	-4.72
1245.783133	-4.72
1247.791165	-4.72
1249.799197	-4.72
1251.807229	-4.72
1253.815261	-4.8
1255.823293	-4.88
1257.831325	-4.88
1259.839357	-4.8
1261.84739	-4.88
1263.855422	-4.96
1265.863454	-4.96
1267.871486	-4.96
1269.879518	-4.96
1271.88755	-4.96
1273.895582	-4.96
1275.903614	-4.96
1277.911647	-5.04
1279.919679	-5.04
1281.927711	-5.04
1283.935743	-5.04
1285.943775	-5.04
1287.951807	-5.04
1289.959839	-5.04
1291.967871	-5.04
1293.975904	-5.04
1295.983936	-5.12
1297.991968	-5.04
1300	-5.04
1302.008032	-5.12
1304.016064	-5.12
1306.024096	-5.12
1308.032129	-5.12
1310.040161	-5.28
1312.048193	-5.2
1314.056225	-5.28
1316.064257	-5.2
1318.072289	-5.28
1320.080321	-5.28
1322.088353	-5.28
1324.096386	-5.36
1326.104418	-5.28
1328.11245	-5.36
1330.120482	-5.36
1332.128514	-5.36
1334.136546	-5.36
1336.144578	-5.44
1338.15261	-5.44
1340.160643	-5.36
1342.168675	-5.36
1344.176707	-5.44
1346.184739	-5.44
1348.192771	-5.44
1350.200803	-5.44
1352.208835	-5.44
1354.216867	-5.44
1356.2249	-5.44
1358.232932	-5.52
1360.240964	-5.52
1362.248996	-5.52
1364.257028	-5.52
1366.26506	-5.52
1368.273092	-5.52
1370.281124	-5.52
1372.289157	-5.6
1374.297189	-5.52
1376.305221	-5.6
1378.313253	-5.6
1380.321285	-5.6
1382.329317	-5.68
1384.337349	-5.6
1386.345382	-5.6
1388.353414	-5.6
1390.361446	-5.68
1392.369478	-5.68
1394.37751	-5.68
1396.385542	-5.68
1398.393574	-5.68
1400.401606	-5.68
1402.409639	-5.68
1404.417671	-5.68
1406.425703	-5.68
1408.433735	-5.68
1410.441767	-5.68
1412.449799	-5.76
1414.457831	-5.76
1416.465863	-5.76
1418.473896	-5.68
1420.481928	-5.76
1422.48996	-5.68
1424.497992	-5.76
1426.506024	-5.68
1428.514056	-5.76
1430.522088	-5.68
1432.53012	-5.76
1434.538153	-5.76
1436.546185	-5.76
1438.554217	-5.76
1440.562249	-5.76
1442.570281	-5.76
1444.578313	-5.76
1446.586345	-5.84
1448.594378	-5.84
1450.60241	-5.76
1452.610442	-5.84
1454.618474	-5.76
1456.626506	-5.84
1458.634538	-5.84
1460.64257	-5.84
1462.650602	-5.84
1464.658635	-5.84
1466.666667	-5.76
1468.674699	-5.84
1470.682731	-5.84
1472.690763	-5.84
1474.698795	-5.84
1476.706827	-5.84
1478.714859	-5.84
1480.722892	-5.76
1482.730924	-5.84
1484.738956	-5.84
1486.746988	-5.76
1488.75502	-5.84
1490.763052	-5.76
1492.771084	-5.84
1494.779116	-5.84
1496.787149	-5.84
1498.795181	-5.84
1500.803213	-5.84
1502.811245	-5.84
1504.819277	-5.84
1506.827309	-5.84
1508.835341	-5.84
1510.843373	-5.84
1512.851406	-5.84
1514.859438	-5.84
1516.86747	-5.84
1518.875502	-5.76
1520.883534	-5.84
1522.891566	-5.84
1524.899598	-5.84
1526.907631	-5.84
1528.915663	-5.84
1530.923695	-5.84
1532.931727	-5.84
1534.939759	-5.84
1536.947791	-5.84
1538.955823	-5.76
1540.963855	-5.84
1542.971888	-5.84
1544.97992	-5.84
1546.987952	-5.76
1548.995984	-5.76
1551.004016	-5.76
1553.012048	-5.76
1555.02008	-5.76
1557.028112	-5.84
1559.036145	-5.76
1561.044177	-5.84
1563.052209	-5.76
1565.060241	-5.84
1567.068273	-5.76
1569.076305	-5.84
1571.084337	-5.84
1573.092369	-5.76
1575.100402	-5.84
1577.108434	-5.76
1579.116466	-5.76
1581.124498	-5.76
1583.13253	-5.84
1585.140562	-5.76
1587.148594	-5.76
1589.156627	-5.76
1591.164659	-5.76
1593.172691	-5.76
1595.180723	-5.76
1597.188755	-5.76
1599.196787	-5.76
1601.204819	-5.76
1603.212851	-5.76
1605.220884	-5.68
1607.228916	-5.68
1609.236948	-5.76
1611.24498	-5.76
1613.253012	-5.76
1615.261044	-5.76
1617.269076	-5.68
1619.277108	-5.68
1621.285141	-5.68
1623.293173	-5.68
1625.301205	-5.68
1627.309237	-5.68
1629.317269	-5.68
1631.325301	-5.68
1633.333333	-5.68
1635.341365	-5.68
1637.349398	-5.68
1639.35743	-5.76
1641.365462	-5.76
1643.373494	-5.68
1645.381526	-5.68
1647.389558	-5.6
1649.39759	-5.68
1651.405622	-5.68
1653.413655	-5.68
1655.421687	-5.68
1657.429719	-5.68
1659.437751	-5.68
1661.445783	-5.68
1663.453815	-5.68
1665.461847	-5.68
1667.46988	-5.68
1669.477912	-5.68
1671.485944	-5.68
1673.493976	-5.68
1675.502008	-5.6
1677.51004	-5.6
1679.518072	-5.6
1681.526104	-5.6
1683.534137	-5.6
1685.542169	-5.6
1687.550201	-5.6
1689.558233	-5.52
1691.566265	-5.52
1693.574297	-5.6
1695.582329	-5.52
1697.590361	-5.52
1699.598394	-5.52
1701.606426	-5.52
1703.614458	-5.52
1705.62249	-5.52
1707.630522	-5.52
1709.638554	-5.52
1711.646586	-5.52
1713.654618	-5.52
1715.662651	-5.52
1717.670683	-5.52
1719.678715	-5.52
1721.686747	-5.52
1723.694779	-5.52
1725.702811	-5.52
1727.710843	-5.52
1729.718876	-5.44
1731.726908	-5.44
1733.73494	-5.44
1735.742972	-5.44
1737.751004	-5.44
1739.759036	-5.44
1741.767068	-5.44
1743.7751	-5.44
1745.783133	-5.44
1747.791165	-5.44
1749.799197	-5.44
1751.807229	-5.44
1753.815261	-5.52
1755.823293	-5.44
1757.831325	-5.44
1759.839357	-5.36
1761.84739	-5.44
1763.855422	-5.44
1765.863454	-5.44
1767.871486	-5.36
1769.879518	-5.36
1771.88755	-5.36
1773.895582	-5.36
1775.903614	-5.36
1777.911647	-5.36
1779.919679	-5.36
1781.927711	-5.36
1783.935743	-5.36
1785.943775	-5.36
1787.951807	-5.36
1789.959839	-5.36
1791.967871	-5.36
1793.975904	-5.36
1795.983936	-5.36
1797.991968	-5.36
1800	-5.28
1802.008032	-5.28
1804.016064	-5.36
1806.024096	-5.36
1808.032129	-5.36
1810.040161	-5.36
1812.048193	-5.2
1814.056225	-5.2
1816.064257	-5.28
1818.072289	-5.28
1820.080321	-5.28
1822.088353	-5.28
1824.096386	-5.28
1826.104418	-5.2
1828.11245	-5.2
1830.120482	-5.2
1832.128514	-5.2
1834.136546	-5.2
1836.144578	-5.2
1838.15261	-5.2
1840.160643	-5.2
1842.168675	-5.2
1844.176707	-5.12
1846.184739	-5.12
1848.192771	-5.12
1850.200803	-5.2
1852.208835	-5.12
1854.216867	-5.12
1856.2249	-5.12
1858.232932	-5.12
1860.240964	-5.12
1862.248996	-5.12
1864.257028	-5.12
1866.26506	-5.12
1868.273092	-5.12
1870.281124	-5.04
1872.289157	-5.04
1874.297189	-5.04
1876.305221	-5.04
1878.313253	-5.04
1880.321285	-5.04
1882.329317	-5.04
1884.337349	-5.04
1886.345382	-4.96
1888.353414	-5.04
1890.361446	-5.04
1892.369478	-5.04
1894.37751	-5.04
1896.385542	-4.96
1898.393574	-4.96
1900.401606	-4.96
1902.409639	-5.04
1904.417671	-4.96
1906.425703	-4.96
1908.433735	-4.96
1910.441767	-4.96
1912.449799	-4.88
1914.457831	-4.96
1916.465863	-4.96
1918.473896	-4.96
1920.481928	-4.96
1922.48996	-4.88
1924.497992	-4.88
1926.506024	-4.88
1928.514056	-4.8
1930.522088	-4.88
1932.53012	-4.88
1934.538153	-4.88
1936.546185	-4.8
1938.554217	-4.8
1940.562249	-4.8
1942.570281	-4.8
1944.578313	-4.8
1946.586345	-4.8
1948.594378	-4.8
1950.60241	-4.72
1952.610442	-4.8
1954.618474	-4.72
1956.626506	-4.72
1958.634538	-4.8
1960.64257	-4.72
1962.650602	-4.8
1964.658635	-4.72
1966.666667	-4.72
1968.674699	-4.72
1970.682731	-4.72
1972.690763	-4.72
1974.698795	-4.72
1976.706827	-4.72
1978.714859	-4.64
1980.722892	-4.72
1982.730924	-4.64
1984.738956	-4.64
1986.746988	-4.64
1988.75502	-4.72
1990.763052	-4.64
1992.771084	-4.64
1994.779116	-4.56
1996.787149	-4.56
1998.795181	-4.56
2000.803213	-4.56
