-0.0361	-0.46
-0.03608	-0.46
-0.03606	-0.46
-0.03604	-0.46
-0.03602	-0.46
-0.036	-0.46
-0.03598	-0.46
-0.03596	-0.46
-0.03594	-0.46
-0.03592	-0.46
-0.0359	-0.46
-0.03588	-0.46
-0.03586	-0.46
-0.03584	-0.46
-0.03582	-0.46
-0.0358	-0.46
-0.03578	-0.46
-0.03576	-0.46
-0.03574	-0.46
-0.03572	-0.46
-0.0357	-0.46
-0.03568	-0.46
-0.03566	-0.46
-0.03564	-0.46
-0.03562	-0.46
-0.0356	-0.46
-0.03558	-0.46
-0.03556	-0.46
-0.03554	-0.46
-0.03552	-0.46
-0.0355	-0.46
-0.03548	-0.46
-0.03546	-0.46
-0.03544	-0.42
-0.03542	-0.5
-0.0354	-0.46
-0.03538	-0.46
-0.03536	-0.46
-0.03534	-0.46
-0.03532	-0.46
-0.0353	-0.46
-0.03528	-0.46
-0.03526	-0.46
-0.03524	-0.46
-0.03522	-0.46
-0.0352	-0.46
-0.03518	-0.46
-0.03516	-0.46
-0.03514	-0.46
-0.03512	-0.46
-0.0351	-0.46
-0.03508	-0.46
-0.03506	-0.46
-0.03504	-0.46
-0.03502	-0.46
-0.035	-0.46
-0.03498	-0.46
-0.03496	-0.46
-0.03494	-0.46
-0.03492	-0.46
-0.0349	-0.46
-0.03488	-0.46
-0.03486	-0.46
-0.03484	-0.46
-0.03482	-0.46
-0.0348	-0.46
-0.03478	-0.5
-0.03476	-0.46
-0.03474	-0.46
-0.03472	-0.46
-0.0347	-0.46
-0.03468	-0.46
-0.03466	-0.46
-0.03464	-0.46
-0.03462	-0.46
-0.0346	-0.46
-0.03458	-0.5
-0.03456	-0.5
-0.03454	-0.46
-0.03452	-0.46
-0.0345	-0.46
-0.03448	-0.46
-0.03446	-0.46
-0.03444	-0.46
-0.03442	-0.46
-0.0344	-0.46
-0.03438	-0.46
-0.03436	-0.5
-0.03434	-0.46
-0.03432	-0.46
-0.0343	-0.46
-0.03428	-0.5
-0.03426	-0.46
-0.03424	-0.46
-0.03422	-0.46
-0.0342	-0.46
-0.03418	-0.46
-0.03416	-0.46
-0.03414	-0.46
-0.03412	-0.46
-0.0341	-0.46
-0.03408	-0.46
-0.03406	-0.5
-0.03404	-0.46
-0.03402	-0.5
-0.034	-0.46
-0.03398	-0.5
-0.03396	-0.46
-0.03394	-0.46
-0.03392	-0.46
-0.0339	-0.46
-0.03388	-0.5
-0.03386	-0.46
-0.03384	-0.46
-0.03382	-0.46
-0.0338	-0.46
-0.03378	-0.46
-0.03376	-0.46
-0.03374	-0.46
-0.03372	-0.5
-0.0337	-0.46
-0.03368	-0.5
-0.03366	-0.46
-0.03364	-0.46
-0.03362	-0.46
-0.0336	-0.5
-0.03358	-0.46
-0.03356	-0.46
-0.03354	-0.46
-0.03352	-0.46
-0.0335	-0.46
-0.03348	-0.46
-0.03346	-0.46
-0.03344	-0.46
-0.03342	-0.5
-0.0334	-0.46
-0.03338	-0.46
-0.03336	-0.46
-0.03334	-0.5
-0.03332	-0.46
-0.0333	-0.46
-0.03328	-0.46
-0.03326	-0.5
-0.03324	-0.46
-0.03322	-0.46
-0.0332	-0.46
-0.03318	-0.46
-0.03316	-0.46
-0.03314	-0.46
-0.03312	-0.5
-0.0331	-0.46
-0.03308	-0.5
-0.03306	-0.5
-0.03304	-0.5
-0.03302	-0.46
-0.033	-0.46
-0.03298	-0.5
-0.03296	-0.46
-0.03294	-0.46
-0.03292	-0.46
-0.0329	-0.46
-0.03288	-0.46
-0.03286	-0.46
-0.03284	-0.46
-0.03282	-0.5
-0.0328	-0.46
-0.03278	-0.5
-0.03276	-0.5
-0.03274	-0.46
-0.03272	-0.46
-0.0327	-0.5
-0.03268	-0.5
-0.03266	-0.46
-0.03264	-0.46
-0.03262	-0.46
-0.0326	-0.46
-0.03258	-0.46
-0.03256	-0.46
-0.03254	-0.46
-0.03252	-0.46
-0.0325	-0.46
-0.03248	-0.46
-0.03246	-0.46
-0.03244	-0.46
-0.03242	-0.46
-0.0324	-0.46
-0.03238	-0.46
-0.03236	-0.5
-0.03234	-0.46
-0.03232	-0.46
-0.0323	-0.46
-0.03228	-0.5
-0.03226	-0.46
-0.03224	-0.46
-0.03222	-0.5
-0.0322	-0.46
-0.03218	-0.5
-0.03216	-0.46
-0.03214	-0.46
-0.03212	-0.46
-0.0321	-0.5
-0.03208	-0.5
-0.03206	-0.5
-0.03204	-0.46
-0.03202	-0.46
-0.032	-0.46
-0.03198	-0.46
-0.03196	-0.46
-0.03194	-0.5
-0.03192	-0.46
-0.0319	-0.5
-0.03188	-0.46
-0.03186	-0.5
-0.03184	-0.46
-0.03182	-0.46
-0.0318	-0.5
-0.03178	-0.46
-0.03176	-0.5
-0.03174	-0.5
-0.03172	-0.5
-0.0317	-0.46
-0.03168	-0.46
-0.03166	-0.46
-0.03164	-0.5
-0.03162	-0.5
-0.0316	-0.46
-0.03158	-0.5
-0.03156	-0.5
-0.03154	-0.5
-0.03152	-0.46
-0.0315	-0.5
-0.03148	-0.46
-0.03146	-0.5
-0.03144	-0.46
-0.03142	-0.5
-0.0314	-0.5
-0.03138	-0.46
-0.03136	-0.5
-0.03134	-0.46
-0.03132	-0.46
-0.0313	-0.46
-0.03128	-0.5
-0.03126	-0.46
-0.03124	-0.46
-0.03122	-0.5
-0.0312	-0.46
-0.03118	-0.5
-0.03116	-0.46
-0.03114	-0.5
-0.03112	-0.46
-0.0311	-0.5
-0.03108	-0.5
-0.03106	-0.5
-0.03104	-0.5
-0.03102	-0.46
-0.031	-0.5
-0.03098	-0.46
-0.03096	-0.5
-0.03094	-0.5
-0.03092	-0.5
-0.0309	-0.5
-0.03088	-0.46
-0.03086	-0.46
-0.03084	-0.5
-0.03082	-0.5
-0.0308	-0.5
-0.03078	-0.5
-0.03076	-0.5
-0.03074	-0.46
-0.03072	-0.46
-0.0307	-0.5
-0.03068	-0.5
-0.03066	-0.46
-0.03064	-0.5
-0.03062	-0.5
-0.0306	-0.46
-0.03058	-0.5
-0.03056	-0.5
-0.03054	-0.5
-0.03052	-0.46
-0.0305	-0.5
-0.03048	-0.46
-0.03046	-0.46
-0.03044	-0.46
-0.03042	-0.46
-0.0304	-0.5
-0.03038	-0.46
-0.03036	-0.5
-0.03034	-0.5
-0.03032	-0.5
-0.0303	-0.5
-0.03028	-0.5
-0.03026	-0.5
-0.03024	-0.46
-0.03022	-0.5
-0.0302	-0.5
-0.03018	-0.5
-0.03016	-0.5
-0.03014	-0.5
-0.03012	-0.5
-0.0301	-0.46
-0.03008	-0.5
-0.03006	-0.46
-0.03004	-0.5
-0.03002	-0.5
-0.03	-0.5
-0.02998	-0.5
-0.02996	-0.46
-0.02994	-0.5
-0.02992	-0.5
-0.0299	-0.46
-0.02988	-0.46
-0.02986	-0.5
-0.02984	-0.5
-0.02982	-0.5
-0.0298	-0.5
-0.02978	-0.5
-0.02976	-0.46
-0.02974	-0.5
-0.02972	-0.5
-0.0297	-0.5
-0.02968	-0.46
-0.02966	-0.46
-0.02964	-0.46
-0.02962	-0.5
-0.0296	-0.5
-0.02958	-0.5
-0.02956	-0.5
-0.02954	-0.5
-0.02952	-0.46
-0.0295	-0.5
-0.02948	-0.5
-0.02946	-0.46
-0.02944	-0.5
-0.02942	-0.5
-0.0294	-0.5
-0.02938	-0.5
-0.02936	-0.5
-0.02934	-0.46
-0.02932	-0.5
-0.0293	-0.5
-0.02928	-0.5
-0.02926	-0.5
-0.02924	-0.5
-0.02922	-0.5
-0.0292	-0.5
-0.02918	-0.5
-0.02916	-0.5
-0.02914	-0.5
-0.02912	-0.5
-0.0291	-0.5
-0.02908	-0.5
-0.02906	-0.5
-0.02904	-0.5
-0.02902	-0.5
-0.029	-0.5
-0.02898	-0.46
-0.02896	-0.5
-0.02894	-0.5
-0.02892	-0.5
-0.0289	-0.5
-0.02888	-0.5
-0.02886	-0.5
-0.02884	-0.46
-0.02882	-0.5
-0.0288	-0.46
-0.02878	-0.5
-0.02876	-0.5
-0.02874	-0.5
-0.02872	-0.5
-0.0287	-0.5
-0.02868	-0.5
-0.02866	-0.5
-0.02864	-0.5
-0.02862	-0.5
-0.0286	-0.5
-0.02858	-0.5
-0.02856	-0.5
-0.02854	-0.5
-0.02852	-0.5
-0.0285	-0.5
-0.02848	-0.5
-0.02846	-0.5
-0.02844	-0.5
-0.02842	-0.5
-0.0284	-0.5
-0.02838	-0.46
-0.02836	-0.5
-0.02834	-0.5
-0.02832	-0.5
-0.0283	-0.5
-0.02828	-0.5
-0.02826	-0.5
-0.02824	-0.5
-0.02822	-0.5
-0.0282	-0.5
-0.02818	-0.5
-0.02816	-0.5
-0.02814	-0.5
-0.02812	-0.5
-0.0281	-0.5
-0.02808	-0.5
-0.02806	-0.5
-0.02804	-0.5
-0.02802	-0.5
-0.028	-0.5
-0.02798	-0.5
-0.02796	-0.5
-0.02794	-0.5
-0.02792	-0.5
-0.0279	-0.5
-0.02788	-0.5
-0.02786	-0.5
-0.02784	-0.5
-0.02782	-0.5
-0.0278	-0.5
-0.02778	-0.5
-0.02776	-0.5
-0.02774	-0.5
-0.02772	-0.5
-0.0277	-0.5
-0.02768	-0.5
-0.02766	-0.5
-0.02764	-0.5
-0.02762	-0.5
-0.0276	-0.5
-0.02758	-0.5
-0.02756	-0.5
-0.02754	-0.5
-0.02752	-0.5
-0.0275	-0.5
-0.02748	-0.5
-0.02746	-0.5
-0.02744	-0.5
-0.02742	-0.5
-0.0274	-0.5
-0.02738	-0.5
-0.02736	-0.5
-0.02734	-0.5
-0.02732	-0.54
-0.0273	-0.5
-0.02728	-0.5
-0.02726	-0.5
-0.02724	-0.5
-0.02722	-0.5
-0.0272	-0.5
-0.02718	-0.5
-0.02716	-0.5
-0.02714	-0.5
-0.02712	-0.54
-0.0271	-0.5
-0.02708	-0.5
-0.02706	-0.5
-0.02704	-0.5
-0.02702	-0.5
-0.027	-0.5
-0.02698	-0.5
-0.02696	-0.5
-0.02694	-0.5
-0.02692	-0.5
-0.0269	-0.5
-0.02688	-0.5
-0.02686	-0.5
-0.02684	-0.5
-0.02682	-0.5
-0.0268	-0.5
-0.02678	-0.5
-0.02676	-0.5
-0.02674	-0.5
-0.02672	-0.5
-0.0267	-0.5
-0.02668	-0.5
-0.02666	-0.5
-0.02664	-0.5
-0.02662	-0.5
-0.0266	-0.5
-0.02658	-0.5
-0.02656	-0.5
-0.02654	-0.5
-0.02652	-0.5
-0.0265	-0.5
-0.02648	-0.5
-0.02646	-0.5
-0.02644	-0.5
-0.02642	-0.5
-0.0264	-0.5
-0.02638	-0.5
-0.02636	-0.5
-0.02634	-0.5
-0.02632	-0.5
-0.0263	-0.5
-0.02628	-0.5
-0.02626	-0.46
-0.02624	-0.5
-0.02622	-0.5
-0.0262	-0.5
-0.02618	-0.5
-0.02616	-0.5
-0.02614	-0.5
-0.02612	-0.5
-0.0261	-0.5
-0.02608	-0.5
-0.02606	-0.5
-0.02604	-0.5
-0.02602	-0.5
-0.026	-0.5
-0.02598	-0.5
-0.02596	-0.5
-0.02594	-0.5
-0.02592	-0.5
-0.0259	-0.5
-0.02588	-0.5
-0.02586	-0.5
-0.02584	-0.5
-0.02582	-0.5
-0.0258	-0.5
-0.02578	-0.5
-0.02576	-0.5
-0.02574	-0.5
-0.02572	-0.5
-0.0257	-0.54
-0.02568	-0.5
-0.02566	-0.5
-0.02564	-0.5
-0.02562	-0.5
-0.0256	-0.5
-0.02558	-0.5
-0.02556	-0.5
-0.02554	-0.5
-0.02552	-0.5
-0.0255	-0.5
-0.02548	-0.5
-0.02546	-0.5
-0.02544	-0.5
-0.02542	-0.5
-0.0254	-0.5
-0.02538	-0.5
-0.02536	-0.5
-0.02534	-0.5
-0.02532	-0.54
-0.0253	-0.5
-0.02528	-0.46
-0.02526	-0.5
-0.02524	-0.5
-0.02522	-0.5
-0.0252	-0.5
-0.02518	-0.5
-0.02516	-0.5
-0.02514	-0.5
-0.02512	-0.5
-0.0251	-0.5
-0.02508	-0.5
-0.02506	-0.5
-0.02504	-0.5
-0.02502	-0.5
-0.025	-0.5
-0.02498	-0.5
-0.02496	-0.5
-0.02494	-0.5
-0.02492	-0.5
-0.0249	-0.5
-0.02488	-0.5
-0.02486	-0.5
-0.02484	-0.5
-0.02482	-0.5
-0.0248	-0.5
-0.02478	-0.5
-0.02476	-0.5
-0.02474	-0.5
-0.02472	-0.5
-0.0247	-0.5
-0.02468	-0.5
-0.02466	-0.54
-0.02464	-0.5
-0.02462	-0.5
-0.0246	-0.5
-0.02458	-0.5
-0.02456	-0.5
-0.02454	-0.5
-0.02452	-0.5
-0.0245	-0.5
-0.02448	-0.5
-0.02446	-0.5
-0.02444	-0.5
-0.02442	-0.5
-0.0244	-0.46
-0.02438	-0.46
-0.02436	-0.46
-0.02434	-0.5
-0.02432	-0.5
-0.0243	-0.5
-0.02428	-0.5
-0.02426	-0.5
-0.02424	-0.5
-0.02422	-0.5
-0.0242	-0.5
-0.02418	-0.5
-0.02416	-0.5
-0.02414	-0.5
-0.02412	-0.5
-0.0241	-0.5
-0.02408	-0.5
-0.02406	-0.46
-0.02404	-0.46
-0.02402	-0.46
-0.024	-0.5
-0.02398	-0.5
-0.02396	-0.5
-0.02394	-0.46
-0.02392	-0.46
-0.0239	-0.46
-0.02388	-0.46
-0.02386	-0.5
-0.02384	-0.46
-0.02382	-0.46
-0.0238	-0.46
-0.02378	-0.5
-0.02376	-0.46
-0.02374	-0.46
-0.02372	-0.46
-0.0237	-0.5
-0.02368	-0.46
-0.02366	-0.42
-0.02364	-0.46
-0.02362	-0.42
-0.0236	-0.46
-0.02358	-0.46
-0.02356	-0.46
-0.02354	-0.46
-0.02352	-0.46
-0.0235	-0.46
-0.02348	-0.46
-0.02346	-0.46
-0.02344	-0.46
-0.02342	-0.46
-0.0234	-0.46
-0.02338	-0.46
-0.02336	-0.46
-0.02334	-0.46
-0.02332	-0.46
-0.0233	-0.46
-0.02328	-0.46
-0.02326	-0.42
-0.02324	-0.46
-0.02322	-0.46
-0.0232	-0.46
-0.02318	-0.46
-0.02316	-0.46
-0.02314	-0.46
-0.02312	-0.42
-0.0231	-0.42
-0.02308	-0.46
-0.02306	-0.42
-0.02304	-0.42
-0.02302	-0.42
-0.023	-0.42
-0.02298	-0.42
-0.02296	-0.46
-0.02294	-0.42
-0.02292	-0.42
-0.0229	-0.42
-0.02288	-0.46
-0.02286	-0.42
-0.02284	-0.42
-0.02282	-0.42
-0.0228	-0.42
-0.02278	-0.42
-0.02276	-0.42
-0.02274	-0.42
-0.02272	-0.42
-0.0227	-0.42
-0.02268	-0.42
-0.02266	-0.42
-0.02264	-0.42
-0.02262	-0.42
-0.0226	-0.42
-0.02258	-0.42
-0.02256	-0.38
-0.02254	-0.38
-0.02252	-0.38
-0.0225	-0.42
-0.02248	-0.42
-0.02246	-0.38
-0.02244	-0.38
-0.02242	-0.42
-0.0224	-0.42
-0.02238	-0.42
-0.02236	-0.38
-0.02234	-0.42
-0.02232	-0.38
-0.0223	-0.38
-0.02228	-0.38
-0.02226	-0.38
-0.02224	-0.38
-0.02222	-0.38
-0.0222	-0.38
-0.02218	-0.38
-0.02216	-0.34
-0.02214	-0.34
-0.02212	-0.34
-0.0221	-0.38
-0.02208	-0.34
-0.02206	-0.34
-0.02204	-0.34
-0.02202	-0.34
-0.022	-0.34
-0.02198	-0.34
-0.02196	-0.34
-0.02194	-0.34
-0.02192	-0.34
-0.0219	-0.34
-0.02188	-0.34
-0.02186	-0.34
-0.02184	-0.3
-0.02182	-0.34
-0.0218	-0.34
-0.02178	-0.3
-0.02176	-0.3
-0.02174	-0.34
-0.02172	-0.34
-0.0217	-0.3
-0.02168	-0.3
-0.02166	-0.3
-0.02164	-0.3
-0.02162	-0.3
-0.0216	-0.3
-0.02158	-0.3
-0.02156	-0.3
-0.02154	-0.3
-0.02152	-0.3
-0.0215	-0.3
-0.02148	-0.26
-0.02146	-0.3
-0.02144	-0.26
-0.02142	-0.26
-0.0214	-0.26
-0.02138	-0.26
-0.02136	-0.26
-0.02134	-0.26
-0.02132	-0.26
-0.0213	-0.26
-0.02128	-0.26
-0.02126	-0.26
-0.02124	-0.26
-0.02122	-0.26
-0.0212	-0.26
-0.02118	-0.22
-0.02116	-0.22
-0.02114	-0.22
-0.02112	-0.22
-0.0211	-0.22
-0.02108	-0.22
-0.02106	-0.22
-0.02104	-0.22
-0.02102	-0.22
-0.021	-0.22
-0.02098	-0.22
-0.02096	-0.22
-0.02094	-0.22
-0.02092	-0.22
-0.0209	-0.18
-0.02088	-0.18
-0.02086	-0.18
-0.02084	-0.14
-0.02082	-0.18
-0.0208	-0.18
-0.02078	-0.18
-0.02076	-0.18
-0.02074	-0.18
-0.02072	-0.18
-0.0207	-0.18
-0.02068	-0.14
-0.02066	-0.14
-0.02064	-0.14
-0.02062	-0.14
-0.0206	-0.14
-0.02058	-0.14
-0.02056	-0.14
-0.02054	-0.14
-0.02052	-0.1
-0.0205	-0.1
-0.02048	-0.1
-0.02046	-0.1
-0.02044	-0.14
-0.02042	-0.1
-0.0204	-0.1
-0.02038	-0.1
-0.02036	-0.1
-0.02034	-0.1
-0.02032	-0.1
-0.0203	-0.1
-0.02028	-0.1
-0.02026	-0.06
-0.02024	-0.06
-0.02022	-0.06
-0.0202	-0.06
-0.02018	-0.06
-0.02016	-0.06
-0.02014	-0.06
-0.02012	-0.02
-0.0201	-0.02
-0.02008	-0.02
-0.02006	-0.02
-0.02004	-0.02
-0.02002	-0.02
-0.02	-0.02
-0.01998	-0.02
-0.01996	-0.02
-0.01994	0.02
-0.01992	-0.02
-0.0199	-0.02
-0.01988	0.02
-0.01986	0.02
-0.01984	0.02
-0.01982	-0.02
-0.0198	0.02
-0.01978	0.02
-0.01976	-0.02
-0.01974	0.02
-0.01972	0.02
-0.0197	0.02
-0.01968	0.06
-0.01966	0.06
-0.01964	0.06
-0.01962	0.06
-0.0196	0.06
-0.01958	0.06
-0.01956	0.1
-0.01954	0.1
-0.01952	0.1
-0.0195	0.1
-0.01948	0.1
-0.01946	0.1
-0.01944	0.1
-0.01942	0.1
-0.0194	0.1
-0.01938	0.14
-0.01936	0.1
-0.01934	0.1
-0.01932	0.1
-0.0193	0.14
-0.01928	0.14
-0.01926	0.14
-0.01924	0.14
-0.01922	0.14
-0.0192	0.14
-0.01918	0.14
-0.01916	0.18
-0.01914	0.18
-0.01912	0.18
-0.0191	0.18
-0.01908	0.18
-0.01906	0.18
-0.01904	0.18
-0.01902	0.22
-0.019	0.22
-0.01898	0.22
-0.01896	0.22
-0.01894	0.22
-0.01892	0.22
-0.0189	0.22
-0.01888	0.22
-0.01886	0.22
-0.01884	0.26
-0.01882	0.22
-0.0188	0.26
-0.01878	0.22
-0.01876	0.26
-0.01874	0.26
-0.01872	0.3
-0.0187	0.3
-0.01868	0.3
-0.01866	0.26
-0.01864	0.3
-0.01862	0.3
-0.0186	0.3
-0.01858	0.34
-0.01856	0.34
-0.01854	0.34
-0.01852	0.34
-0.0185	0.3
-0.01848	0.34
-0.01846	0.34
-0.01844	0.34
-0.01842	0.38
-0.0184	0.34
-0.01838	0.34
-0.01836	0.38
-0.01834	0.38
-0.01832	0.42
-0.0183	0.42
-0.01828	0.42
-0.01826	0.42
-0.01824	0.42
-0.01822	0.42
-0.0182	0.46
-0.01818	0.46
-0.01816	0.46
-0.01814	0.46
-0.01812	0.46
-0.0181	0.46
-0.01808	0.46
-0.01806	0.5
-0.01804	0.5
-0.01802	0.5
-0.018	0.5
-0.01798	0.5
-0.01796	0.5
-0.01794	0.5
-0.01792	0.5
-0.0179	0.54
-0.01788	0.54
-0.01786	0.54
-0.01784	0.54
-0.01782	0.54
-0.0178	0.54
-0.01778	0.58
-0.01776	0.54
-0.01774	0.58
-0.01772	0.58
-0.0177	0.58
-0.01768	0.62
-0.01766	0.62
-0.01764	0.58
-0.01762	0.62
-0.0176	0.62
-0.01758	0.62
-0.01756	0.62
-0.01754	0.62
-0.01752	0.62
-0.0175	0.66
-0.01748	0.62
-0.01746	0.66
-0.01744	0.62
-0.01742	0.66
-0.0174	0.66
-0.01738	0.66
-0.01736	0.7
-0.01734	0.7
-0.01732	0.7
-0.0173	0.7
-0.01728	0.7
-0.01726	0.7
-0.01724	0.7
-0.01722	0.7
-0.0172	0.7
-0.01718	0.7
-0.01716	0.7
-0.01714	0.7
-0.01712	0.74
-0.0171	0.74
-0.01708	0.74
-0.01706	0.74
-0.01704	0.74
-0.01702	0.74
-0.017	0.74
-0.01698	0.78
-0.01696	0.78
-0.01694	0.78
-0.01692	0.78
-0.0169	0.78
-0.01688	0.74
-0.01686	0.78
-0.01684	0.74
-0.01682	0.78
-0.0168	0.82
-0.01678	0.82
-0.01676	0.82
-0.01674	0.82
-0.01672	0.82
-0.0167	0.82
-0.01668	0.82
-0.01666	0.82
-0.01664	0.82
-0.01662	0.82
-0.0166	0.82
-0.01658	0.82
-0.01656	0.86
-0.01654	0.86
-0.01652	0.86
-0.0165	0.82
-0.01648	0.86
-0.01646	0.86
-0.01644	0.86
-0.01642	0.9
-0.0164	0.9
-0.01638	0.9
-0.01636	0.9
-0.01634	0.9
-0.01632	0.9
-0.0163	0.9
-0.01628	0.9
-0.01626	0.9
-0.01624	0.94
-0.01622	0.9
-0.0162	0.94
-0.01618	0.9
-0.01616	0.94
-0.01614	0.94
-0.01612	0.94
-0.0161	0.98
-0.01608	0.94
-0.01606	0.98
-0.01604	0.98
-0.01602	0.98
-0.016	0.98
-0.01598	0.98
-0.01596	1.02
-0.01594	0.98
-0.01592	1.02
-0.0159	1.02
-0.01588	1.02
-0.01586	1.02
-0.01584	1.02
-0.01582	1.02
-0.0158	1.02
-0.01578	1.02
-0.01576	1.02
-0.01574	1.02
-0.01572	1.02
-0.0157	1.06
-0.01568	1.02
-0.01566	1.06
-0.01564	1.06
-0.01562	1.06
-0.0156	1.06
-0.01558	1.06
-0.01556	1.1
-0.01554	1.1
-0.01552	1.1
-0.0155	1.1
-0.01548	1.1
-0.01546	1.1
-0.01544	1.1
-0.01542	1.1
-0.0154	1.1
-0.01538	1.1
-0.01536	1.14
-0.01534	1.1
-0.01532	1.14
-0.0153	1.14
-0.01528	1.14
-0.01526	1.14
-0.01524	1.14
-0.01522	1.14
-0.0152	1.14
-0.01518	1.14
-0.01516	1.14
-0.01514	1.14
-0.01512	1.14
-0.0151	1.14
-0.01508	1.18
-0.01506	1.18
-0.01504	1.18
-0.01502	1.18
-0.015	1.18
-0.01498	1.18
-0.01496	1.18
-0.01494	1.18
-0.01492	1.22
-0.0149	1.18
-0.01488	1.22
-0.01486	1.22
-0.01484	1.22
-0.01482	1.22
-0.0148	1.22
-0.01478	1.22
-0.01476	1.22
-0.01474	1.22
-0.01472	1.22
-0.0147	1.22
-0.01468	1.22
-0.01466	1.26
-0.01464	1.26
-0.01462	1.26
-0.0146	1.22
-0.01458	1.26
-0.01456	1.26
-0.01454	1.26
-0.01452	1.26
-0.0145	1.26
-0.01448	1.3
-0.01446	1.26
-0.01444	1.26
-0.01442	1.3
-0.0144	1.3
-0.01438	1.3
-0.01436	1.26
-0.01434	1.3
-0.01432	1.3
-0.0143	1.3
-0.01428	1.3
-0.01426	1.3
-0.01424	1.34
-0.01422	1.3
-0.0142	1.34
-0.01418	1.34
-0.01416	1.34
-0.01414	1.34
-0.01412	1.34
-0.0141	1.34
-0.01408	1.34
-0.01406	1.34
-0.01404	1.34
-0.01402	1.34
-0.014	1.34
-0.01398	1.34
-0.01396	1.34
-0.01394	1.34
-0.01392	1.34
-0.0139	1.34
-0.01388	1.38
-0.01386	1.34
-0.01384	1.34
-0.01382	1.34
-0.0138	1.38
-0.01378	1.34
-0.01376	1.38
-0.01374	1.34
-0.01372	1.34
-0.0137	1.34
-0.01368	1.38
-0.01366	1.38
-0.01364	1.34
-0.01362	1.38
-0.0136	1.38
-0.01358	1.38
-0.01356	1.38
-0.01354	1.38
-0.01352	1.34
-0.0135	1.38
-0.01348	1.38
-0.01346	1.38
-0.01344	1.38
-0.01342	1.38
-0.0134	1.38
-0.01338	1.38
-0.01336	1.38
-0.01334	1.38
-0.01332	1.42
-0.0133	1.38
-0.01328	1.38
-0.01326	1.38
-0.01324	1.38
-0.01322	1.38
-0.0132	1.38
-0.01318	1.42
-0.01316	1.42
-0.01314	1.42
-0.01312	1.42
-0.0131	1.38
-0.01308	1.42
-0.01306	1.42
-0.01304	1.42
-0.01302	1.42
-0.013	1.42
-0.01298	1.38
-0.01296	1.38
-0.01294	1.42
-0.01292	1.38
-0.0129	1.42
-0.01288	1.42
-0.01286	1.38
-0.01284	1.38
-0.01282	1.42
-0.0128	1.42
-0.01278	1.42
-0.01276	1.42
-0.01274	1.42
-0.01272	1.42
-0.0127	1.38
-0.01268	1.42
-0.01266	1.42
-0.01264	1.42
-0.01262	1.42
-0.0126	1.42
-0.01258	1.42
-0.01256	1.42
-0.01254	1.42
-0.01252	1.42
-0.0125	1.42
-0.01248	1.42
-0.01246	1.38
-0.01244	1.42
-0.01242	1.42
-0.0124	1.42
-0.01238	1.42
-0.01236	1.42
-0.01234	1.42
-0.01232	1.38
-0.0123	1.42
-0.01228	1.42
-0.01226	1.42
-0.01224	1.42
-0.01222	1.42
-0.0122	1.42
-0.01218	1.42
-0.01216	1.42
-0.01214	1.42
-0.01212	1.42
-0.0121	1.42
-0.01208	1.42
-0.01206	1.42
-0.01204	1.42
-0.01202	1.42
-0.012	1.38
-0.01198	1.42
-0.01196	1.42
-0.01194	1.42
-0.01192	1.42
-0.0119	1.42
-0.01188	1.42
-0.01186	1.42
-0.01184	1.42
-0.01182	1.42
-0.0118	1.42
-0.01178	1.42
-0.01176	1.42
-0.01174	1.42
-0.01172	1.42
-0.0117	1.42
-0.01168	1.42
-0.01166	1.42
-0.01164	1.42
-0.01162	1.38
-0.0116	1.42
-0.01158	1.42
-0.01156	1.42
-0.01154	1.42
-0.01152	1.42
-0.0115	1.42
-0.01148	1.42
-0.01146	1.38
-0.01144	1.42
-0.01142	1.42
-0.0114	1.42
-0.01138	1.42
-0.01136	1.42
-0.01134	1.42
-0.01132	1.42
-0.0113	1.42
-0.01128	1.42
-0.01126	1.42
-0.01124	1.42
-0.01122	1.42
-0.0112	1.38
-0.01118	1.42
-0.01116	1.38
-0.01114	1.42
-0.01112	1.42
-0.0111	1.42
-0.01108	1.38
-0.01106	1.38
-0.01104	1.38
-0.01102	1.42
-0.011	1.38
-0.01098	1.38
-0.01096	1.38
-0.01094	1.42
-0.01092	1.38
-0.0109	1.38
-0.01088	1.42
-0.01086	1.38
-0.01084	1.38
-0.01082	1.38
-0.0108	1.42
-0.01078	1.38
-0.01076	1.38
-0.01074	1.38
-0.01072	1.42
-0.0107	1.38
-0.01068	1.38
-0.01066	1.38
-0.01064	1.38
-0.01062	1.38
-0.0106	1.38
-0.01058	1.42
-0.01056	1.38
-0.01054	1.38
-0.01052	1.38
-0.0105	1.42
-0.01048	1.38
-0.01046	1.38
-0.01044	1.42
-0.01042	1.38
-0.0104	1.42
-0.01038	1.42
-0.01036	1.38
-0.01034	1.38
-0.01032	1.42
-0.0103	1.42
-0.01028	1.38
-0.01026	1.38
-0.01024	1.38
-0.01022	1.38
-0.0102	1.42
-0.01018	1.42
-0.01016	1.42
-0.01014	1.38
-0.01012	1.42
-0.0101	1.42
-0.01008	1.42
-0.01006	1.38
-0.01004	1.42
-0.01002	1.42
-0.01	1.42
-0.00998	1.42
-0.00996	1.42
-0.00994	1.42
-0.00992	1.42
-0.0099	1.42
-0.00988	1.42
-0.00986	1.42
-0.00984	1.42
-0.00982	1.42
-0.0098	1.42
-0.00978	1.42
-0.00976	1.42
-0.00974	1.42
-0.00972	1.42
-0.0097	1.42
-0.00968	1.42
-0.00966	1.42
-0.00964	1.42
-0.00962	1.46
-0.0096	1.46
-0.00958	1.46
-0.00956	1.46
-0.00954	1.46
-0.00952	1.46
-0.0095	1.46
-0.00948	1.46
-0.00946	1.46
-0.00944	1.46
-0.00942	1.46
-0.0094	1.5
-0.00938	1.46
-0.00936	1.46
-0.00934	1.5
-0.00932	1.5
-0.0093	1.5
-0.00928	1.5
-0.00926	1.5
-0.00924	1.5
-0.00922	1.54
-0.0092	1.5
-0.00918	1.5
-0.00916	1.54
-0.00914	1.54
-0.00912	1.5
-0.0091	1.54
-0.00908	1.54
-0.00906	1.54
-0.00904	1.54
-0.00902	1.54
-0.009	1.54
-0.00898	1.54
-0.00896	1.54
-0.00894	1.54
-0.00892	1.58
-0.0089	1.58
-0.00888	1.58
-0.00886	1.54
-0.00884	1.58
-0.00882	1.58
-0.0088	1.62
-0.00878	1.58
-0.00876	1.62
-0.00874	1.62
-0.00872	1.62
-0.0087	1.62
-0.00868	1.62
-0.00866	1.62
-0.00864	1.66
-0.00862	1.66
-0.0086	1.62
-0.00858	1.66
-0.00856	1.66
-0.00854	1.66
-0.00852	1.7
-0.0085	1.7
-0.00848	1.7
-0.00846	1.7
-0.00844	1.7
-0.00842	1.7
-0.0084	1.7
-0.00838	1.74
-0.00836	1.78
-0.00834	1.74
-0.00832	1.74
-0.0083	1.74
-0.00828	1.74
-0.00826	1.78
-0.00824	1.78
-0.00822	1.78
-0.0082	1.78
-0.00818	1.78
-0.00816	1.78
-0.00814	1.78
-0.00812	1.82
-0.0081	1.78
-0.00808	1.82
-0.00806	1.82
-0.00804	1.82
-0.00802	1.82
-0.008	1.86
-0.00798	1.86
-0.00796	1.86
-0.00794	1.86
-0.00792	1.9
-0.0079	1.9
-0.00788	1.9
-0.00786	1.9
-0.00784	1.94
-0.00782	1.94
-0.0078	1.98
-0.00778	1.98
-0.00776	1.94
-0.00774	1.94
-0.00772	1.98
-0.0077	2.02
-0.00768	1.98
-0.00766	2.02
-0.00764	2.02
-0.00762	2.02
-0.0076	2.02
-0.00758	2.06
-0.00756	2.06
-0.00754	2.06
-0.00752	2.1
-0.0075	2.1
-0.00748	2.1
-0.00746	2.1
-0.00744	2.14
-0.00742	2.14
-0.0074	2.18
-0.00738	2.14
-0.00736	2.18
-0.00734	2.18
-0.00732	2.18
-0.0073	2.18
-0.00728	2.22
-0.00726	2.22
-0.00724	2.26
-0.00722	2.22
-0.0072	2.22
-0.00718	2.26
-0.00716	2.26
-0.00714	2.26
-0.00712	2.3
-0.0071	2.3
-0.00708	2.34
-0.00706	2.3
-0.00704	2.3
-0.00702	2.34
-0.007	2.38
-0.00698	2.42
-0.00696	2.42
-0.00694	2.42
-0.00692	2.42
-0.0069	2.42
-0.00688	2.46
-0.00686	2.46
-0.00684	2.46
-0.00682	2.46
-0.0068	2.46
-0.00678	2.5
-0.00676	2.5
-0.00674	2.5
-0.00672	2.5
-0.0067	2.54
-0.00668	2.54
-0.00666	2.54
-0.00664	2.54
-0.00662	2.58
-0.0066	2.58
-0.00658	2.62
-0.00656	2.66
-0.00654	2.62
-0.00652	2.66
-0.0065	2.62
-0.00648	2.66
-0.00646	2.66
-0.00644	2.7
-0.00642	2.7
-0.0064	2.7
-0.00638	2.7
-0.00636	2.74
-0.00634	2.74
-0.00632	2.74
-0.0063	2.74
-0.00628	2.78
-0.00626	2.78
-0.00624	2.78
-0.00622	2.82
-0.0062	2.82
-0.00618	2.82
-0.00616	2.82
-0.00614	2.86
-0.00612	2.86
-0.0061	2.86
-0.00608	2.86
-0.00606	2.9
-0.00604	2.9
-0.00602	2.9
-0.006	2.98
-0.00598	2.94
-0.00596	2.98
-0.00594	2.98
-0.00592	2.98
-0.0059	2.98
-0.00588	2.98
-0.00586	3.02
-0.00584	2.98
-0.00582	2.98
-0.0058	3.02
-0.00578	3.06
-0.00576	3.06
-0.00574	3.06
-0.00572	3.06
-0.0057	3.06
-0.00568	3.1
-0.00566	3.1
-0.00564	3.1
-0.00562	3.14
-0.0056	3.14
-0.00558	3.14
-0.00556	3.14
-0.00554	3.18
-0.00552	3.18
-0.0055	3.18
-0.00548	3.18
-0.00546	3.18
-0.00544	3.18
-0.00542	3.22
-0.0054	3.22
-0.00538	3.22
-0.00536	3.26
-0.00534	3.22
-0.00532	3.26
-0.0053	3.26
-0.00528	3.26
-0.00526	3.26
-0.00524	3.3
-0.00522	3.3
-0.0052	3.3
-0.00518	3.3
-0.00516	3.34
-0.00514	3.34
-0.00512	3.38
-0.0051	3.38
-0.00508	3.38
-0.00506	3.38
-0.00504	3.38
-0.00502	3.38
-0.005	3.38
-0.00498	3.38
-0.00496	3.38
-0.00494	3.38
-0.00492	3.38
-0.0049	3.38
-0.00488	3.42
-0.00486	3.42
-0.00484	3.42
-0.00482	3.46
-0.0048	3.46
-0.00478	3.46
-0.00476	3.46
-0.00474	3.46
-0.00472	3.46
-0.0047	3.46
-0.00468	3.46
-0.00466	3.46
-0.00464	3.46
-0.00462	3.46
-0.0046	3.5
-0.00458	3.5
-0.00456	3.5
-0.00454	3.46
-0.00452	3.46
-0.0045	3.46
-0.00448	3.46
-0.00446	3.5
-0.00444	3.5
-0.00442	3.5
-0.0044	3.5
-0.00438	3.5
-0.00436	3.5
-0.00434	3.5
-0.00432	3.5
-0.0043	3.54
-0.00428	3.54
-0.00426	3.5
-0.00424	3.5
-0.00422	3.5
-0.0042	3.5
-0.00418	3.54
-0.00416	3.54
-0.00414	3.5
-0.00412	3.5
-0.0041	3.5
-0.00408	3.5
-0.00406	3.5
-0.00404	3.5
-0.00402	3.5
-0.004	3.5
-0.00398	3.46
-0.00396	3.46
-0.00394	3.46
-0.00392	3.46
-0.0039	3.5
-0.00388	3.5
-0.00386	3.5
-0.00384	3.46
-0.00382	3.46
-0.0038	3.46
-0.00378	3.46
-0.00376	3.5
-0.00374	3.46
-0.00372	3.46
-0.0037	3.42
-0.00368	3.38
-0.00366	3.46
-0.00364	3.46
-0.00362	3.46
-0.0036	3.42
-0.00358	3.38
-0.00356	3.38
-0.00354	3.38
-0.00352	3.38
-0.0035	3.38
-0.00348	3.38
-0.00346	3.38
-0.00344	3.38
-0.00342	3.34
-0.0034	3.34
-0.00338	3.38
-0.00336	3.34
-0.00334	3.34
-0.00332	3.3
-0.0033	3.26
-0.00328	3.3
-0.00326	3.26
-0.00324	3.3
-0.00322	3.26
-0.0032	3.26
-0.00318	3.22
-0.00316	3.22
-0.00314	3.18
-0.00312	3.18
-0.0031	3.22
-0.00308	3.22
-0.00306	3.18
-0.00304	3.14
-0.00302	3.14
-0.003	3.1
-0.00298	3.14
-0.00296	3.14
-0.00294	3.14
-0.00292	3.14
-0.0029	3.1
-0.00288	3.06
-0.00286	3.02
-0.00284	3.06
-0.00282	3.06
-0.0028	3.06
-0.00278	3.02
-0.00276	2.98
-0.00274	2.94
-0.00272	2.98
-0.0027	2.98
-0.00268	2.98
-0.00266	2.94
-0.00264	2.94
-0.00262	2.86
-0.0026	2.86
-0.00258	2.86
-0.00256	2.9
-0.00254	2.86
-0.00252	2.86
-0.0025	2.82
-0.00248	2.78
-0.00246	2.78
-0.00244	2.74
-0.00242	2.78
-0.0024	2.78
-0.00238	2.74
-0.00236	2.7
-0.00234	2.66
-0.00232	2.66
-0.0023	2.66
-0.00228	2.66
-0.00226	2.66
-0.00224	2.62
-0.00222	2.58
-0.0022	2.54
-0.00218	2.54
-0.00216	2.54
-0.00214	2.54
-0.00212	2.54
-0.0021	2.5
-0.00208	2.5
-0.00206	2.46
-0.00204	2.46
-0.00202	2.46
-0.002	2.46
-0.00198	2.46
-0.00196	2.42
-0.00194	2.38
-0.00192	2.34
-0.0019	2.3
-0.00188	2.34
-0.00186	2.34
-0.00184	2.3
-0.00182	2.26
-0.0018	2.18
-0.00178	2.14
-0.00176	2.14
-0.00174	2.18
-0.00172	2.14
-0.0017	2.1
-0.00168	2.06
-0.00166	2.06
-0.00164	2.02
-0.00162	2.02
-0.0016	2.02
-0.00158	1.98
-0.00156	1.94
-0.00154	1.9
-0.00152	1.86
-0.0015	1.82
-0.00148	1.82
-0.00146	1.82
-0.00144	1.82
-0.00142	1.74
-0.0014	1.74
-0.00138	1.66
-0.00136	1.62
-0.00134	1.62
-0.00132	1.66
-0.0013	1.62
-0.00128	1.58
-0.00126	1.54
-0.00124	1.5
-0.00122	1.46
-0.0012	1.5
-0.00118	1.5
-0.00116	1.46
-0.00114	1.42
-0.00112	1.38
-0.0011	1.38
-0.00108	1.34
-0.00106	1.38
-0.00104	1.34
-0.00102	1.34
-0.001	1.3
-0.00098	1.26
-0.00096	1.22
-0.00094	1.22
-0.00092	1.22
-0.0009	1.22
-0.00088	1.22
-0.00086	1.22
-0.00084	1.14
-0.00082	1.14
-0.0008	1.1
-0.00078	1.14
-0.00076	1.14
-0.00074	1.14
-0.00072	1.06
-0.0007	1.06
-0.00068	1.02
-0.00066	1.02
-0.00064	1.06
-0.00062	1.02
-0.0006	1.02
-0.00058	0.98
-0.00056	0.94
-0.00054	0.94
-0.00052	0.94
-0.0005	0.94
-0.00048	0.94
-0.00046	0.9
-0.00044	0.9
-0.00042	0.9
-0.0004	0.86
-0.00038	0.86
-0.00036	0.86
-0.00034	0.86
-0.00032	0.86
-0.0003	0.82
-0.00028	0.78
-0.00026	0.74
-0.00024	0.74
-0.00022	0.78
-0.0002	0.74
-0.00018	0.7
-0.00016	0.66
-0.00014	0.66
-0.00012	0.62
-0.0001	0.62
-8E-05	0.62
-6E-05	0.58
-4E-05	0.54
-2E-05	0.5
0	0.5
2E-05	0.22
4E-05	0.26
6E-05	0.22
8E-05	0.18
0.0001	0.1
0.00012	0.06
0.00014	0.06
0.00016	0.06
0.00018	0.1
0.0002	0.06
0.00022	0.02
0.00024	-0.06
0.00026	-0.06
0.00028	-0.06
0.0003	-0.06
0.00032	-0.06
0.00034	-0.06
0.00036	-0.1
0.00038	-0.18
0.0004	-0.22
0.00042	-0.22
0.00044	-0.22
0.00046	-0.18
0.00048	-0.22
0.0005	-0.26
0.00052	-0.3
0.00054	-0.34
0.00056	-0.38
0.00058	-0.34
0.0006	-0.3
0.00062	-0.38
0.00064	-0.42
0.00066	-0.42
0.00068	-0.5
0.0007	-0.5
0.00072	-0.46
0.00074	-0.46
0.00076	-0.5
0.00078	-0.5
0.0008	-0.54
0.00082	-0.54
0.00084	-0.58
0.00086	-0.58
0.00088	-0.54
0.0009	-0.58
0.00092	-0.66
0.00094	-0.7
0.00096	-0.7
0.00098	-0.7
0.001	-0.7
0.00102	-0.7
0.00104	-0.7
0.00106	-0.74
0.00108	-0.78
0.0011	-0.78
0.00112	-0.78
0.00114	-0.78
0.00116	-0.78
0.00118	-0.78
0.0012	-0.82
0.00122	-0.82
0.00124	-0.86
0.00126	-0.82
0.00128	-0.86
0.0013	-0.82
0.00132	-0.86
0.00134	-0.9
0.00136	-0.9
0.00138	-0.9
0.0014	-0.9
0.00142	-0.9
0.00144	-0.94
0.00146	-0.94
0.00148	-0.94
0.0015	-0.98
0.00152	-0.98
0.00154	-0.98
0.00156	-0.98
0.00158	-0.98
0.0016	-1.02
0.00162	-1.02
0.00164	-1.06
0.00166	-1.06
0.00168	-1.02
0.0017	-1.06
0.00172	-1.06
0.00174	-1.1
0.00176	-1.1
0.00178	-1.14
0.0018	-1.14
0.00182	-1.14
0.00184	-1.14
0.00186	-1.14
0.00188	-1.22
0.0019	-1.22
0.00192	-1.22
0.00194	-1.26
0.00196	-1.26
0.00198	-1.22
0.002	-1.3
0.00202	-1.3
0.00204	-1.34
0.00206	-1.34
0.00208	-1.34
0.0021	-1.34
0.00212	-1.34
0.00214	-1.42
0.00216	-1.42
0.00218	-1.42
0.0022	-1.46
0.00222	-1.46
0.00224	-1.46
0.00226	-1.46
0.00228	-1.5
0.0023	-1.54
0.00232	-1.58
0.00234	-1.58
0.00236	-1.58
0.00238	-1.58
0.0024	-1.58
0.00242	-1.62
0.00244	-1.7
0.00246	-1.74
0.00248	-1.74
0.0025	-1.74
0.00252	-1.74
0.00254	-1.74
0.00256	-1.82
0.00258	-1.86
0.0026	-1.86
0.00262	-1.86
0.00264	-1.86
0.00266	-1.86
0.00268	-1.9
0.0027	-1.94
0.00272	-1.94
0.00274	-1.94
0.00276	-1.98
0.00278	-1.98
0.0028	-1.98
0.00282	-1.98
0.00284	-2.02
0.00286	-2.06
0.00288	-2.1
0.0029	-2.1
0.00292	-2.1
0.00294	-2.1
0.00296	-2.14
0.00298	-2.18
0.003	-2.22
0.00302	-2.22
0.00304	-2.22
0.00306	-2.22
0.00308	-2.22
0.0031	-2.26
0.00312	-2.26
0.00314	-2.3
0.00316	-2.3
0.00318	-2.3
0.0032	-2.3
0.00322	-2.3
0.00324	-2.34
0.00326	-2.34
0.00328	-2.38
0.0033	-2.34
0.00332	-2.38
0.00334	-2.38
0.00336	-2.38
0.00338	-2.38
0.0034	-2.46
0.00342	-2.5
0.00344	-2.46
0.00346	-2.5
0.00348	-2.5
0.0035	-2.5
0.00352	-2.5
0.00354	-2.54
0.00356	-2.54
0.00358	-2.58
0.0036	-2.54
0.00362	-2.58
0.00364	-2.54
0.00366	-2.58
0.00368	-2.62
0.0037	-2.62
0.00372	-2.62
0.00374	-2.62
0.00376	-2.62
0.00378	-2.62
0.0038	-2.66
0.00382	-2.66
0.00384	-2.7
0.00386	-2.7
0.00388	-2.7
0.0039	-2.7
0.00392	-2.74
0.00394	-2.74
0.00396	-2.78
0.00398	-2.78
0.004	-2.78
0.00402	-2.74
0.00404	-2.78
0.00406	-2.78
0.00408	-2.78
0.0041	-2.82
0.00412	-2.82
0.00414	-2.78
0.00416	-2.78
0.00418	-2.82
0.0042	-2.82
0.00422	-2.82
0.00424	-2.82
0.00426	-2.86
0.00428	-2.86
0.0043	-2.86
0.00432	-2.86
0.00434	-2.86
0.00436	-2.9
0.00438	-2.9
0.0044	-2.9
0.00442	-2.9
0.00444	-2.9
0.00446	-2.94
0.00448	-2.9
0.0045	-2.94
0.00452	-2.94
0.00454	-2.94
0.00456	-2.94
0.00458	-2.94
0.0046	-2.94
0.00462	-2.94
0.00464	-2.94
0.00466	-2.94
0.00468	-2.98
0.0047	-2.98
0.00472	-2.98
0.00474	-2.98
0.00476	-2.98
0.00478	-2.98
0.0048	-2.98
0.00482	-2.98
0.00484	-2.98
0.00486	-2.98
0.00488	-2.98
0.0049	-2.98
0.00492	-2.98
0.00494	-2.98
0.00496	-2.98
0.00498	-2.98
0.005	-2.98
0.00502	-2.98
0.00504	-2.98
0.00506	-2.98
0.00508	-2.98
0.0051	-2.98
0.00512	-2.98
0.00514	-2.98
0.00516	-2.98
0.00518	-3.02
0.0052	-2.98
0.00522	-2.98
0.00524	-2.98
0.00526	-2.98
0.00528	-2.98
0.0053	-2.98
0.00532	-2.98
0.00534	-2.98
0.00536	-2.98
0.00538	-2.98
0.0054	-2.98
0.00542	-2.98
0.00544	-2.98
0.00546	-2.98
0.00548	-2.98
0.0055	-2.98
0.00552	-2.98
0.00554	-2.98
0.00556	-2.98
0.00558	-2.98
0.0056	-2.98
0.00562	-2.98
0.00564	-2.94
0.00566	-2.94
0.00568	-2.98
0.0057	-2.98
0.00572	-2.94
0.00574	-2.94
0.00576	-2.94
0.00578	-2.94
0.0058	-2.9
0.00582	-2.94
0.00584	-2.94
0.00586	-2.94
0.00588	-2.9
0.0059	-2.9
0.00592	-2.86
0.00594	-2.86
0.00596	-2.86
0.00598	-2.9
0.006	-2.86
0.00602	-2.86
0.00604	-2.86
0.00606	-2.82
0.00608	-2.82
0.0061	-2.86
0.00612	-2.86
0.00614	-2.86
0.00616	-2.82
0.00618	-2.78
0.0062	-2.82
0.00622	-2.78
0.00624	-2.78
0.00626	-2.82
0.00628	-2.78
0.0063	-2.78
0.00632	-2.74
0.00634	-2.74
0.00636	-2.7
0.00638	-2.74
0.0064	-2.78
0.00642	-2.74
0.00644	-2.7
0.00646	-2.66
0.00648	-2.66
0.0065	-2.66
0.00652	-2.66
0.00654	-2.66
0.00656	-2.66
0.00658	-2.66
0.0066	-2.62
0.00662	-2.62
0.00664	-2.58
0.00666	-2.62
0.00668	-2.62
0.0067	-2.58
0.00672	-2.58
0.00674	-2.58
0.00676	-2.54
0.00678	-2.54
0.0068	-2.54
0.00682	-2.58
0.00684	-2.54
0.00686	-2.5
0.00688	-2.46
0.0069	-2.46
0.00692	-2.46
0.00694	-2.46
0.00696	-2.46
0.00698	-2.46
0.007	-2.42
0.00702	-2.42
0.00704	-2.38
0.00706	-2.38
0.00708	-2.42
0.0071	-2.42
0.00712	-2.38
0.00714	-2.34
0.00716	-2.3
0.00718	-2.34
0.0072	-2.3
0.00722	-2.34
0.00724	-2.34
0.00726	-2.3
0.00728	-2.3
0.0073	-2.22
0.00732	-2.22
0.00734	-2.26
0.00736	-2.26
0.00738	-2.26
0.0074	-2.18
0.00742	-2.18
0.00744	-2.14
0.00746	-2.14
0.00748	-2.14
0.0075	-2.18
0.00752	-2.18
0.00754	-2.14
0.00756	-2.1
0.00758	-2.06
0.0076	-2.06
0.00762	-2.06
0.00764	-2.06
0.00766	-2.06
0.00768	-2.06
0.0077	-2.02
0.00772	-2.02
0.00774	-1.98
0.00776	-2.02
0.00778	-2.02
0.0078	-2.02
0.00782	-1.98
0.00784	-1.94
0.00786	-1.9
0.00788	-1.9
0.0079	-1.94
0.00792	-1.94
0.00794	-1.94
0.00796	-1.9
0.00798	-1.9
0.008	-1.86
0.00802	-1.82
0.00804	-1.86
0.00806	-1.86
0.00808	-1.86
0.0081	-1.82
0.00812	-1.82
0.00814	-1.78
0.00816	-1.78
0.00818	-1.74
0.0082	-1.78
0.00822	-1.78
0.00824	-1.74
0.00826	-1.74
0.00828	-1.7
0.0083	-1.7
0.00832	-1.7
0.00834	-1.74
0.00836	-1.7
0.00838	-1.66
0.0084	-1.66
0.00842	-1.66
0.00844	-1.66
0.00846	-1.66
0.00848	-1.66
0.0085	-1.66
0.00852	-1.62
0.00854	-1.58
0.00856	-1.58
0.00858	-1.58
0.0086	-1.62
0.00862	-1.62
0.00864	-1.58
0.00866	-1.58
0.00868	-1.54
0.0087	-1.54
0.00872	-1.54
0.00874	-1.54
0.00876	-1.54
0.00878	-1.54
0.0088	-1.54
0.00882	-1.46
0.00884	-1.46
0.00886	-1.5
0.00888	-1.46
0.0089	-1.46
0.00892	-1.46
0.00894	-1.42
0.00896	-1.42
0.00898	-1.42
0.009	-1.42
0.00902	-1.42
0.00904	-1.42
0.00906	-1.42
0.00908	-1.38
0.0091	-1.34
0.00912	-1.34
0.00914	-1.38
0.00916	-1.38
0.00918	-1.38
0.0092	-1.38
0.00922	-1.34
0.00924	-1.3
0.00926	-1.3
0.00928	-1.3
0.0093	-1.34
0.00932	-1.34
0.00934	-1.3
0.00936	-1.26
0.00938	-1.26
0.0094	-1.26
0.00942	-1.26
0.00944	-1.26
0.00946	-1.26
0.00948	-1.26
0.0095	-1.26
0.00952	-1.22
0.00954	-1.22
0.00956	-1.22
0.00958	-1.22
0.0096	-1.22
0.00962	-1.18
0.00964	-1.18
0.00966	-1.14
0.00968	-1.18
0.0097	-1.22
0.00972	-1.18
0.00974	-1.18
0.00976	-1.18
0.00978	-1.14
0.0098	-1.1
0.00982	-1.14
0.00984	-1.14
0.00986	-1.14
0.00988	-1.14
0.0099	-1.1
0.00992	-1.1
0.00994	-1.1
0.00996	-1.1
0.00998	-1.14
0.01	-1.1
0.01002	-1.1
0.01004	-1.06
0.01006	-1.1
0.01008	-1.06
0.0101	-1.06
0.01012	-1.06
0.01014	-1.06
0.01016	-1.06
0.01018	-1.06
0.0102	-1.02
0.01022	-1.02
0.01024	-1.02
0.01026	-1.02
0.01028	-1.02
0.0103	-1.02
0.01032	-1.02
0.01034	-1.02
0.01036	-1.02
0.01038	-1.02
0.0104	-1.02
0.01042	-0.98
0.01044	-0.98
0.01046	-0.98
0.01048	-0.98
0.0105	-1.02
0.01052	-0.98
0.01054	-0.98
0.01056	-0.98
0.01058	-0.98
0.0106	-0.98
0.01062	-0.94
0.01064	-0.94
0.01066	-0.94
0.01068	-0.94
0.0107	-0.94
0.01072	-0.98
0.01074	-0.94
0.01076	-0.94
0.01078	-0.94
0.0108	-0.94
0.01082	-0.94
0.01084	-0.94
0.01086	-0.94
0.01088	-0.94
0.0109	-0.94
0.01092	-0.94
0.01094	-0.94
0.01096	-0.94
0.01098	-0.94
0.011	-0.94
0.01102	-0.94
0.01104	-0.94
0.01106	-0.94
0.01108	-0.94
0.0111	-0.94
0.01112	-0.94
0.01114	-0.94
0.01116	-0.94
0.01118	-0.94
0.0112	-0.94
0.01122	-0.94
0.01124	-0.94
0.01126	-0.94
0.01128	-0.94
0.0113	-0.94
0.01132	-0.94
0.01134	-0.9
0.01136	-0.94
0.01138	-0.94
0.0114	-0.94
0.01142	-0.9
0.01144	-0.9
0.01146	-0.94
0.01148	-0.9
0.0115	-0.9
0.01152	-0.94
0.01154	-0.9
0.01156	-0.94
0.01158	-0.9
0.0116	-0.94
0.01162	-0.94
0.01164	-0.9
0.01166	-0.9
0.01168	-0.94
0.0117	-0.94
0.01172	-0.94
0.01174	-0.94
0.01176	-0.94
0.01178	-0.94
0.0118	-0.94
0.01182	-0.94
0.01184	-0.94
0.01186	-0.94
0.01188	-0.94
0.0119	-0.94
0.01192	-0.94
0.01194	-0.94
0.01196	-0.94
0.01198	-0.94
0.012	-0.94
0.01202	-0.94
0.01204	-0.9
0.01206	-0.94
0.01208	-0.94
0.0121	-0.94
0.01212	-0.94
0.01214	-0.94
0.01216	-0.94
0.01218	-0.94
0.0122	-0.94
0.01222	-0.94
0.01224	-0.94
0.01226	-0.94
0.01228	-0.94
0.0123	-0.94
0.01232	-0.94
0.01234	-0.94
0.01236	-0.94
0.01238	-0.94
0.0124	-0.94
0.01242	-0.94
0.01244	-0.94
0.01246	-0.94
0.01248	-0.94
0.0125	-0.94
0.01252	-0.94
0.01254	-0.94
0.01256	-0.94
0.01258	-0.94
0.0126	-0.94
0.01262	-0.94
0.01264	-0.94
0.01266	-0.94
0.01268	-0.94
0.0127	-0.94
0.01272	-0.98
0.01274	-0.98
0.01276	-0.98
0.01278	-0.94
0.0128	-0.98
0.01282	-0.98
0.01284	-0.98
0.01286	-0.98
0.01288	-1.02
0.0129	-0.98
0.01292	-0.98
0.01294	-0.98
0.01296	-1.02
0.01298	-0.98
0.013	-1.02
0.01302	-0.98
0.01304	-1.02
0.01306	-1.02
0.01308	-1.02
0.0131	-0.98
0.01312	-1.02
0.01314	-0.98
0.01316	-0.98
0.01318	-1.02
0.0132	-0.98
0.01322	-0.98
0.01324	-1.02
0.01326	-1.06
0.01328	-1.02
0.0133	-1.02
0.01332	-1.02
0.01334	-1.02
0.01336	-1.06
0.01338	-1.06
0.0134	-1.02
0.01342	-1.06
0.01344	-1.02
0.01346	-1.06
0.01348	-1.06
0.0135	-1.06
0.01352	-1.06
0.01354	-1.06
0.01356	-1.02
0.01358	-1.06
0.0136	-1.06
0.01362	-1.06
0.01364	-1.06
0.01366	-1.06
0.01368	-1.06
0.0137	-1.06
0.01372	-1.06
0.01374	-1.1
0.01376	-1.06
0.01378	-1.06
0.0138	-1.06
0.01382	-1.1
0.01384	-1.06
0.01386	-1.1
0.01388	-1.06
0.0139	-1.1
0.01392	-1.1
0.01394	-1.1
0.01396	-1.1
0.01398	-1.1
0.014	-1.1
0.01402	-1.1
0.01404	-1.1
0.01406	-1.1
0.01408	-1.1
0.0141	-1.1
0.01412	-1.1
0.01414	-1.1
0.01416	-1.1
0.01418	-1.14
0.0142	-1.1
0.01422	-1.14
0.01424	-1.14
0.01426	-1.14
0.01428	-1.14
0.0143	-1.1
0.01432	-1.14
0.01434	-1.14
0.01436	-1.14
0.01438	-1.14
0.0144	-1.14
0.01442	-1.14
0.01444	-1.14
0.01446	-1.14
0.01448	-1.14
0.0145	-1.14
0.01452	-1.14
0.01454	-1.14
0.01456	-1.14
0.01458	-1.14
0.0146	-1.14
0.01462	-1.14
0.01464	-1.14
0.01466	-1.14
0.01468	-1.14
0.0147	-1.18
0.01472	-1.14
0.01474	-1.14
0.01476	-1.18
0.01478	-1.18
0.0148	-1.14
0.01482	-1.18
0.01484	-1.14
0.01486	-1.18
0.01488	-1.18
0.0149	-1.18
0.01492	-1.14
0.01494	-1.14
0.01496	-1.14
0.01498	-1.18
0.015	-1.18
0.01502	-1.18
0.01504	-1.18
0.01506	-1.18
0.01508	-1.18
0.0151	-1.18
0.01512	-1.18
0.01514	-1.18
0.01516	-1.18
0.01518	-1.18
0.0152	-1.14
0.01522	-1.18
0.01524	-1.18
0.01526	-1.18
0.01528	-1.18
0.0153	-1.18
0.01532	-1.18
0.01534	-1.18
0.01536	-1.18
0.01538	-1.18
0.0154	-1.18
0.01542	-1.18
0.01544	-1.18
0.01546	-1.18
0.01548	-1.18
0.0155	-1.18
0.01552	-1.18
0.01554	-1.18
0.01556	-1.18
0.01558	-1.18
0.0156	-1.18
0.01562	-1.18
0.01564	-1.22
0.01566	-1.18
0.01568	-1.22
0.0157	-1.18
0.01572	-1.18
0.01574	-1.18
0.01576	-1.18
0.01578	-1.18
0.0158	-1.18
0.01582	-1.22
0.01584	-1.18
0.01586	-1.22
0.01588	-1.18
0.0159	-1.18
0.01592	-1.18
0.01594	-1.18
0.01596	-1.22
0.01598	-1.18
0.016	-1.22
0.01602	-1.18
0.01604	-1.22
0.01606	-1.18
0.01608	-1.18
0.0161	-1.18
0.01612	-1.22
0.01614	-1.18
0.01616	-1.18
0.01618	-1.18
0.0162	-1.18
0.01622	-1.14
0.01624	-1.18
0.01626	-1.14
0.01628	-1.18
0.0163	-1.18
0.01632	-1.18
0.01634	-1.18
0.01636	-1.22
0.01638	-1.18
0.0164	-1.18
0.01642	-1.18
0.01644	-1.18
0.01646	-1.18
0.01648	-1.18
0.0165	-1.18
0.01652	-1.18
0.01654	-1.18
0.01656	-1.18
0.01658	-1.14
0.0166	-1.14
0.01662	-1.18
0.01664	-1.18
0.01666	-1.14
0.01668	-1.18
0.0167	-1.14
0.01672	-1.14
0.01674	-1.14
0.01676	-1.14
0.01678	-1.14
0.0168	-1.14
0.01682	-1.14
0.01684	-1.14
0.01686	-1.14
0.01688	-1.18
0.0169	-1.14
0.01692	-1.14
0.01694	-1.18
0.01696	-1.14
0.01698	-1.14
0.017	-1.14
0.01702	-1.14
0.01704	-1.14
0.01706	-1.1
0.01708	-1.14
0.0171	-1.1
0.01712	-1.1
0.01714	-1.14
0.01716	-1.14
0.01718	-1.1
0.0172	-1.1
0.01722	-1.14
0.01724	-1.1
0.01726	-1.1
0.01728	-1.1
0.0173	-1.1
0.01732	-1.1
0.01734	-1.1
0.01736	-1.1
0.01738	-1.1
0.0174	-1.1
0.01742	-1.06
0.01744	-1.06
0.01746	-1.06
0.01748	-1.06
0.0175	-1.06
0.01752	-1.06
0.01754	-1.06
0.01756	-1.06
0.01758	-1.06
0.0176	-1.06
0.01762	-1.06
0.01764	-1.02
0.01766	-1.06
0.01768	-1.06
0.0177	-1.02
0.01772	-1.06
0.01774	-1.06
0.01776	-1.06
0.01778	-1.02
0.0178	-1.02
0.01782	-1.02
0.01784	-1.02
0.01786	-1.02
0.01788	-1.02
0.0179	-1.02
0.01792	-1.02
0.01794	-1.02
0.01796	-1.02
0.01798	-1.02
0.018	-1.02
0.01802	-1.02
0.01804	-1.02
0.01806	-1.02
0.01808	-1.02
0.0181	-0.98
0.01812	-1.02
0.01814	-1.02
0.01816	-1.02
0.01818	-1.02
0.0182	-0.98
0.01822	-1.02
0.01824	-0.98
0.01826	-1.02
0.01828	-1.02
0.0183	-1.02
0.01832	-0.98
0.01834	-0.98
0.01836	-0.98
0.01838	-0.98
0.0184	-0.98
0.01842	-0.98
0.01844	-1.02
0.01846	-0.98
0.01848	-0.98
0.0185	-0.98
0.01852	-0.98
0.01854	-0.94
0.01856	-0.98
0.01858	-0.98
0.0186	-0.94
0.01862	-0.98
0.01864	-0.94
0.01866	-0.94
0.01868	-0.94
0.0187	-0.94
0.01872	-0.94
0.01874	-0.94
0.01876	-0.94
0.01878	-0.94
0.0188	-0.94
0.01882	-0.94
0.01884	-0.94
0.01886	-0.94
0.01888	-0.94
0.0189	-0.94
0.01892	-0.94
0.01894	-0.94
0.01896	-0.94
0.01898	-0.94
0.019	-0.94
0.01902	-0.94
0.01904	-0.94
0.01906	-0.9
0.01908	-0.9
0.0191	-0.9
0.01912	-0.9
0.01914	-0.9
0.01916	-0.94
0.01918	-0.9
0.0192	-0.86
0.01922	-0.86
0.01924	-0.9
0.01926	-0.9
0.01928	-0.9
0.0193	-0.9
0.01932	-0.9
0.01934	-0.9
0.01936	-0.86
0.01938	-0.9
0.0194	-0.86
0.01942	-0.86
0.01944	-0.9
0.01946	-0.86
0.01948	-0.86
0.0195	-0.86
0.01952	-0.86
0.01954	-0.86
0.01956	-0.86
0.01958	-0.86
0.0196	-0.86
0.01962	-0.82
0.01964	-0.82
0.01966	-0.82
0.01968	-0.82
0.0197	-0.82
0.01972	-0.82
0.01974	-0.82
0.01976	-0.82
0.01978	-0.82
0.0198	-0.82
0.01982	-0.82
0.01984	-0.82
0.01986	-0.82
0.01988	-0.78
0.0199	-0.82
0.01992	-0.78
0.01994	-0.78
0.01996	-0.78
0.01998	-0.78
0.02	-0.82
0.02002	-0.78
0.02004	-0.78
0.02006	-0.78
0.02008	-0.78
0.0201	-0.78
0.02012	-0.74
0.02014	-0.74
0.02016	-0.74
0.02018	-0.78
0.0202	-0.7
0.02022	-0.74
0.02024	-0.74
0.02026	-0.7
0.02028	-0.74
0.0203	-0.74
0.02032	-0.7
0.02034	-0.7
0.02036	-0.74
0.02038	-0.7
0.0204	-0.7
0.02042	-0.7
0.02044	-0.7
0.02046	-0.66
0.02048	-0.7
0.0205	-0.7
0.02052	-0.7
0.02054	-0.7
0.02056	-0.66
0.02058	-0.66
0.0206	-0.66
0.02062	-0.66
0.02064	-0.66
0.02066	-0.7
0.02068	-0.66
0.0207	-0.66
0.02072	-0.66
0.02074	-0.66
0.02076	-0.66
0.02078	-0.66
0.0208	-0.66
0.02082	-0.66
0.02084	-0.62
0.02086	-0.62
0.02088	-0.62
0.0209	-0.62
0.02092	-0.62
0.02094	-0.62
0.02096	-0.62
0.02098	-0.58
0.021	-0.62
0.02102	-0.58
0.02104	-0.58
0.02106	-0.58
0.02108	-0.62
0.0211	-0.58
0.02112	-0.58
0.02114	-0.58
0.02116	-0.58
0.02118	-0.58
0.0212	-0.58
0.02122	-0.58
0.02124	-0.58
0.02126	-0.54
0.02128	-0.54
0.0213	-0.54
0.02132	-0.54
0.02134	-0.54
0.02136	-0.54
0.02138	-0.54
0.0214	-0.54
0.02142	-0.5
0.02144	-0.5
0.02146	-0.5
0.02148	-0.5
0.0215	-0.54
0.02152	-0.54
0.02154	-0.5
0.02156	-0.5
0.02158	-0.5
0.0216	-0.5
0.02162	-0.5
0.02164	-0.5
0.02166	-0.5
0.02168	-0.46
0.0217	-0.5
0.02172	-0.5
0.02174	-0.5
0.02176	-0.5
0.02178	-0.5
0.0218	-0.46
0.02182	-0.5
0.02184	-0.46
0.02186	-0.46
0.02188	-0.5
0.0219	-0.46
0.02192	-0.46
0.02194	-0.46
0.02196	-0.46
0.02198	-0.46
0.022	-0.46
0.02202	-0.46
0.02204	-0.46
0.02206	-0.46
0.02208	-0.42
0.0221	-0.42
0.02212	-0.42
0.02214	-0.42
0.02216	-0.42
0.02218	-0.46
0.0222	-0.46
0.02222	-0.42
0.02224	-0.42
0.02226	-0.42
0.02228	-0.42
0.0223	-0.42
0.02232	-0.42
0.02234	-0.42
0.02236	-0.42
0.02238	-0.42
0.0224	-0.42
0.02242	-0.42
0.02244	-0.42
0.02246	-0.42
0.02248	-0.42
0.0225	-0.38
0.02252	-0.38
0.02254	-0.42
0.02256	-0.42
0.02258	-0.38
0.0226	-0.38
0.02262	-0.38
0.02264	-0.38
0.02266	-0.38
0.02268	-0.38
0.0227	-0.38
0.02272	-0.38
0.02274	-0.38
0.02276	-0.38
0.02278	-0.38
0.0228	-0.38
0.02282	-0.38
0.02284	-0.38
0.02286	-0.38
0.02288	-0.38
0.0229	-0.38
0.02292	-0.38
0.02294	-0.34
0.02296	-0.34
0.02298	-0.38
0.023	-0.38
0.02302	-0.34
0.02304	-0.34
0.02306	-0.34
0.02308	-0.3
0.0231	-0.34
0.02312	-0.34
0.02314	-0.3
0.02316	-0.34
0.02318	-0.3
0.0232	-0.3
0.02322	-0.3
0.02324	-0.34
0.02326	-0.34
0.02328	-0.34
0.0233	-0.34
0.02332	-0.34
0.02334	-0.34
0.02336	-0.3
0.02338	-0.3
0.0234	-0.3
0.02342	-0.3
0.02344	-0.34
0.02346	-0.3
0.02348	-0.3
0.0235	-0.3
0.02352	-0.3
0.02354	-0.3
0.02356	-0.3
0.02358	-0.3
0.0236	-0.3
0.02362	-0.3
0.02364	-0.3
0.02366	-0.26
0.02368	-0.3
0.0237	-0.26
0.02372	-0.26
0.02374	-0.3
0.02376	-0.3
0.02378	-0.26
0.0238	-0.3
0.02382	-0.26
0.02384	-0.26
0.02386	-0.26
0.02388	-0.26
0.0239	-0.26
0.02392	-0.26
0.02394	-0.26
0.02396	-0.26
0.02398	-0.26
0.024	-0.26
0.02402	-0.26
0.02404	-0.26
0.02406	-0.26
0.02408	-0.26
0.0241	-0.26
0.02412	-0.26
0.02414	-0.26
0.02416	-0.26
0.02418	-0.26
0.0242	-0.26
0.02422	-0.26
0.02424	-0.26
0.02426	-0.26
0.02428	-0.22
0.0243	-0.26
0.02432	-0.26
0.02434	-0.26
0.02436	-0.26
0.02438	-0.26
0.0244	-0.26
0.02442	-0.26
0.02444	-0.26
0.02446	-0.26
0.02448	-0.26
0.0245	-0.22
0.02452	-0.26
0.02454	-0.26
0.02456	-0.26
0.02458	-0.22
0.0246	-0.22
0.02462	-0.22
0.02464	-0.22
0.02466	-0.22
0.02468	-0.26
0.0247	-0.22
0.02472	-0.22
0.02474	-0.22
0.02476	-0.22
0.02478	-0.22
0.0248	-0.22
0.02482	-0.22
0.02484	-0.22
0.02486	-0.22
0.02488	-0.22
0.0249	-0.22
0.02492	-0.22
0.02494	-0.22
0.02496	-0.22
0.02498	-0.22
0.025	-0.22
0.02502	-0.22
0.02504	-0.22
0.02506	-0.22
0.02508	-0.22
0.0251	-0.22
0.02512	-0.18
0.02514	-0.22
0.02516	-0.18
0.02518	-0.22
0.0252	-0.22
0.02522	-0.22
0.02524	-0.22
0.02526	-0.18
0.02528	-0.22
0.0253	-0.22
0.02532	-0.22
0.02534	-0.22
0.02536	-0.18
0.02538	-0.22
0.0254	-0.22
0.02542	-0.22
0.02544	-0.22
0.02546	-0.22
0.02548	-0.22
0.0255	-0.18
0.02552	-0.18
0.02554	-0.18
0.02556	-0.18
0.02558	-0.18
0.0256	-0.18
0.02562	-0.18
0.02564	-0.18
0.02566	-0.22
0.02568	-0.18
0.0257	-0.18
0.02572	-0.18
0.02574	-0.18
0.02576	-0.18
0.02578	-0.22
0.0258	-0.18
0.02582	-0.18
0.02584	-0.22
0.02586	-0.18
0.02588	-0.18
0.0259	-0.18
0.02592	-0.22
0.02594	-0.18
0.02596	-0.18
0.02598	-0.18
0.026	-0.18
0.02602	-0.18
0.02604	-0.18
0.02606	-0.18
0.02608	-0.18
0.0261	-0.18
0.02612	-0.18
0.02614	-0.18
0.02616	-0.18
0.02618	-0.18
0.0262	-0.18
0.02622	-0.18
0.02624	-0.18
0.02626	-0.18
0.02628	-0.18
0.0263	-0.18
0.02632	-0.18
0.02634	-0.18
0.02636	-0.18
0.02638	-0.18
0.0264	-0.18
0.02642	-0.18
0.02644	-0.14
0.02646	-0.18
0.02648	-0.14
0.0265	-0.14
0.02652	-0.18
0.02654	-0.14
0.02656	-0.18
0.02658	-0.14
0.0266	-0.18
0.02662	-0.14
0.02664	-0.14
0.02666	-0.14
0.02668	-0.14
0.0267	-0.14
0.02672	-0.14
0.02674	-0.14
0.02676	-0.14
0.02678	-0.14
0.0268	-0.14
0.02682	-0.14
0.02684	-0.14
0.02686	-0.14
0.02688	-0.14
0.0269	-0.18
0.02692	-0.14
0.02694	-0.14
0.02696	-0.14
0.02698	-0.14
0.027	-0.14
0.02702	-0.14
0.02704	-0.14
0.02706	-0.14
0.02708	-0.14
0.0271	-0.14
0.02712	-0.14
0.02714	-0.14
0.02716	-0.18
0.02718	-0.14
0.0272	-0.14
0.02722	-0.14
0.02724	-0.14
0.02726	-0.14
0.02728	-0.1
0.0273	-0.14
0.02732	-0.14
0.02734	-0.1
0.02736	-0.14
0.02738	-0.14
0.0274	-0.14
0.02742	-0.1
0.02744	-0.14
0.02746	-0.14
0.02748	-0.1
0.0275	-0.14
0.02752	-0.14
0.02754	-0.14
0.02756	-0.14
0.02758	-0.14
0.0276	-0.14
0.02762	-0.14
0.02764	-0.14
0.02766	-0.14
0.02768	-0.14
