-6439.502976	-8
-6433.552974	-8
-6427.602971	-8
-6421.652969	-8
-6415.702967	-8
-6409.752964	-8
-6403.802962	-8
-6397.85296	-8
-6391.902957	-8
-6385.952955	-8
-6380.002952	-8
-6374.05295	-8
-6368.102948	-8
-6362.152945	-8
-6356.202943	-8
-6350.25294	-8
-6344.302938	-8
-6338.352936	-8
-6332.402933	-8
-6326.452931	-8
-6320.502929	-8
-6314.552926	-8
-6308.602924	-8
-6302.652921	-8
-6296.702919	-8
-6290.752917	-8
-6284.802914	-8
-6278.852912	-8
-6272.90291	-8
-6266.952907	-8
-6261.002905	-8
-6255.052902	-8
-6249.1029	-8
-6243.152898	-8
-6237.202895	-8
-6231.252893	-8
-6225.30289	-8
-6219.352888	-8
-6213.402886	-8
-6207.452883	-8
-6201.502881	-8
-6195.552879	-8
-6189.602876	-8
-6183.652874	-8
-6177.702871	-8
-6171.752869	-8
-6165.802867	-8
-6159.852864	-8
-6153.902862	-8
-6147.95286	-8
-6142.002857	-8
-6136.052855	-8
-6130.102852	-8
-6124.15285	-8
-6118.202848	-8
-6112.252845	-8
-6106.302843	-8
-6100.35284	-8
-6094.402838	-8
-6088.452836	-8
-6082.502833	-8
-6076.552831	-8
-6070.602829	-8
-6064.652826	-8
-6058.702824	-8
-6052.752821	-8
-6046.802819	-8
-6040.852817	-8
-6034.902814	-8
-6028.952812	-8
-6023.00281	-8
-6017.052807	-8
-6011.102805	-8
-6005.152802	-8
-5999.2028	-8
-5993.252798	-8
-5987.302795	-8
-5981.352793	-8
-5975.40279	-8
-5969.452788	-8
-5963.502786	-8
-5957.552783	-8
-5951.602781	-8
-5945.652779	-8
-5939.702776	-8
-5933.752774	-8
-5927.802771	-8
-5921.852769	-8
-5915.902767	-8
-5909.952764	-8
-5904.002762	-8
-5898.05276	-8
-5892.102757	-8
-5886.152755	-8
-5880.202752	-8
-5874.25275	-8
-5868.302748	-8
-5862.352745	-8
-5856.402743	-8
-5850.45274	-8
-5844.502738	-8
-5838.552736	-8
-5832.602733	-8
-5826.652731	-8
-5820.702729	-8
-5814.752726	-8
-5808.802724	-8
-5802.852721	-8
-5796.902719	-8
-5790.952717	-8
-5785.002714	-8
-5779.052712	-8
-5773.10271	-8
-5767.152707	-8
-5761.202705	-8
-5755.252702	-8
-5749.3027	-8
-5743.352698	-8
-5737.402695	-8
-5731.452693	-8
-5725.50269	-8
-5719.552688	-8
-5713.602686	-8
-5707.652683	-8
-5701.702681	-8
-5695.752679	-8
-5689.802676	-8
-5683.852674	-8
-5677.902671	-8
-5671.952669	-8
-5666.002667	-8
-5660.052664	-8
-5654.102662	-8
-5648.15266	-8
-5642.202657	-8
-5636.252655	-8
-5630.302652	-8
-5624.35265	-8
-5618.402648	-8
-5612.452645	-8
-5606.502643	-8
-5600.55264	-8
-5594.602638	-8
-5588.652636	-8
-5582.702633	-8
-5576.752631	-8
-5570.802629	-8
-5564.852626	-8
-5558.902624	-8
-5552.952621	-8
-5547.002619	-8
-5541.052617	-8
-5535.102614	-8
-5529.152612	-8
-5523.20261	-8
-5517.252607	-8
-5511.302605	-8
-5505.352602	-8
-5499.4026	-8
-5493.452598	-8
-5487.502595	-8
-5481.552593	-8
-5475.60259	-8
-5469.652588	-8
-5463.702586	-8
-5457.752583	-8
-5451.802581	-8
-5445.852579	-8
-5439.902576	-8
-5433.952574	-8
-5428.002571	-8
-5422.052569	-8
-5416.102567	-8
-5410.152564	-8
-5404.202562	-8
-5398.25256	-8
-5392.302557	-8
-5386.352555	-8
-5380.402552	-8
-5374.45255	-8
-5368.502548	-8
-5362.552545	-8
-5356.602543	-8
-5350.65254	-8
-5344.702538	-8
-5338.752536	-8
-5332.802533	-8
-5326.852531	-8
-5320.902529	-8
-5314.952526	-8
-5309.002524	-8
-5303.052521	-8
-5297.102519	-8
-5291.152517	-8
-5285.202514	-8
-5279.252512	-8
-5273.30251	-8
-5267.352507	-8
-5261.402505	-8
-5255.452502	-8
-5249.5025	-8
-5243.552498	-8
-5237.602495	-8
-5231.652493	-8
-5225.70249	-8
-5219.752488	-8
-5213.802486	-8
-5207.852483	-8
-5201.902481	-8
-5195.952479	-8
-5190.002476	-8
-5184.052474	-8
-5178.102471	-8
-5172.152469	-8
-5166.202467	-8
-5160.252464	-8
-5154.302462	-8
-5148.35246	-8
-5142.402457	-8
-5136.452455	-8
-5130.502452	-8
-5124.55245	-8
-5118.602448	-8
-5112.652445	-6
-5106.702443	-8
-5100.75244	-8
-5094.802438	-8
-5088.852436	-8
-5082.902433	-8
-5076.952431	-8
-5071.002429	-8
-5065.052426	-8
-5059.102424	-8
-5053.152421	-8
-5047.202419	-8
-5041.252417	-8
-5035.302414	-8
-5029.352412	-8
-5023.40241	-8
-5017.452407	-8
-5011.502405	-8
-5005.552402	-8
-4999.6024	-8
-4993.652398	-8
-4987.702395	-6
-4981.752393	-8
-4975.80239	-8
-4969.852388	-8
-4963.902386	-8
-4957.952383	-8
-4952.002381	-8
-4946.052379	-6
-4940.102376	-8
-4934.152374	-8
-4928.202371	-8
-4922.252369	-8
-4916.302367	-8
-4910.352364	-8
-4904.402362	-8
-4898.45236	-8
-4892.502357	-8
-4886.552355	-6
-4880.602352	-8
-4874.65235	-8
-4868.702348	-8
-4862.752345	-8
-4856.802343	-8
-4850.85234	-8
-4844.902338	-8
-4838.952336	-8
-4833.002333	-8
-4827.052331	-8
-4821.102329	-8
-4815.152326	-8
-4809.202324	-8
-4803.252321	-8
-4797.302319	-8
-4791.352317	-8
-4785.402314	-8
-4779.452312	-8
-4773.50231	-8
-4767.552307	-8
-4761.602305	-8
-4755.652302	-8
-4749.7023	-8
-4743.752298	-8
-4737.802295	-8
-4731.852293	-8
-4725.90229	-8
-4719.952288	-8
-4714.002286	-8
-4708.052283	-8
-4702.102281	-8
-4696.152279	-8
-4690.202276	-8
-4684.252274	-8
-4678.302271	-8
-4672.352269	-8
-4666.402267	-8
-4660.452264	-8
-4654.502262	-6
-4648.55226	-8
-4642.602257	-6
-4636.652255	-8
-4630.702252	-8
-4624.75225	-8
-4618.802248	-8
-4612.852245	-8
-4606.902243	-8
-4600.95224	-8
-4595.002238	-8
-4589.052236	-8
-4583.102233	-8
-4577.152231	-8
-4571.202229	-8
-4565.252226	-8
-4559.302224	-6
-4553.352221	-8
-4547.402219	-8
-4541.452217	-6
-4535.502214	-8
-4529.552212	-6
-4523.60221	-8
-4517.652207	-8
-4511.702205	-6
-4505.752202	-8
-4499.8022	-8
-4493.852198	-8
-4487.902195	-8
-4481.952193	-8
-4476.00219	-8
-4470.052188	-6
-4464.102186	-8
-4458.152183	-8
-4452.202181	-8
-4446.252179	-8
-4440.302176	-8
-4434.352174	-8
-4428.402171	-8
-4422.452169	-8
-4416.502167	-8
-4410.552164	-8
-4404.602162	-8
-4398.65216	-8
-4392.702157	-8
-4386.752155	-6
-4380.802152	-6
-4374.85215	-8
-4368.902148	-8
-4362.952145	-8
-4357.002143	-8
-4351.05214	-8
-4345.102138	-8
-4339.152136	-8
-4333.202133	-8
-4327.252131	-6
-4321.302129	-8
-4315.352126	-8
-4309.402124	-8
-4303.452121	-8
-4297.502119	-8
-4291.552117	-8
-4285.602114	-8
-4279.652112	-8
-4273.70211	-6
-4267.752107	-8
-4261.802105	-6
-4255.852102	-8
-4249.9021	-8
-4243.952098	-8
-4238.002095	-6
-4232.052093	-8
-4226.10209	-8
-4220.152088	-6
-4214.202086	-6
-4208.252083	-8
-4202.302081	-8
-4196.352079	-6
-4190.402076	-8
-4184.452074	-8
-4178.502071	-6
-4172.552069	-6
-4166.602067	-8
-4160.652064	-8
-4154.702062	-8
-4148.75206	-8
-4142.802057	-8
-4136.852055	-8
-4130.902052	-6
-4124.95205	-6
-4119.002048	-6
-4113.052045	-6
-4107.102043	-8
-4101.15204	-8
-4095.202038	-6
-4089.252036	-6
-4083.302033	-8
-4077.352031	-6
-4071.402029	-8
-4065.452026	-8
-4059.502024	-8
-4053.552021	-8
-4047.602019	-8
-4041.652017	-6
-4035.702014	-6
-4029.752012	-6
-4023.80201	-8
-4017.852007	-6
-4011.902005	-6
-4005.952002	-8
-4000.002	-8
-3994.051998	-6
-3988.101995	-6
-3982.151993	-8
-3976.20199	-8
-3970.251988	-8
-3964.301986	-6
-3958.351983	-8
-3952.401981	-8
-3946.451979	-6
-3940.501976	-6
-3934.551974	-6
-3928.601971	-6
-3922.651969	-6
-3916.701967	-6
-3910.751964	-6
-3904.801962	-6
-3898.85196	-6
-3892.901957	-6
-3886.951955	-6
-3881.001952	-6
-3875.05195	-6
-3869.101948	-8
-3863.151945	-6
-3857.201943	-6
-3851.25194	-6
-3845.301938	-6
-3839.351936	-6
-3833.401933	-6
-3827.451931	-8
-3821.501929	-6
-3815.551926	-8
-3809.601924	-6
-3803.651921	-6
-3797.701919	-6
-3791.751917	-6
-3785.801914	-6
-3779.851912	-6
-3773.90191	-6
-3767.951907	-6
-3762.001905	-6
-3756.051902	-6
-3750.1019	-6
-3744.151898	-6
-3738.201895	-6
-3732.251893	-6
-3726.30189	-6
-3720.351888	-6
-3714.401886	-6
-3708.451883	-8
-3702.501881	-6
-3696.551879	-6
-3690.601876	-6
-3684.651874	-6
-3678.701871	-8
-3672.751869	-6
-3666.801867	-6
-3660.851864	-6
-3654.901862	-6
-3648.95186	-6
-3643.001857	-6
-3637.051855	-6
-3631.101852	-6
-3625.15185	-6
-3619.201848	-6
-3613.251845	-6
-3607.301843	-6
-3601.35184	-6
-3595.401838	-6
-3589.451836	-6
-3583.501833	-6
-3577.551831	-6
-3571.601829	-6
-3565.651826	-6
-3559.701824	-6
-3553.751821	-6
-3547.801819	-6
-3541.851817	-6
-3535.901814	-6
-3529.951812	-6
-3524.00181	-6
-3518.051807	-6
-3512.101805	-6
-3506.151802	-6
-3500.2018	-6
-3494.251798	-6
-3488.301795	-6
-3482.351793	-6
-3476.40179	-6
-3470.451788	-6
-3464.501786	-6
-3458.551783	-6
-3452.601781	-6
-3446.651779	-6
-3440.701776	-6
-3434.751774	-6
-3428.801771	-6
-3422.851769	-6
-3416.901767	-6
-3410.951764	-6
-3405.001762	-6
-3399.05176	-6
-3393.101757	-6
-3387.151755	-6
-3381.201752	-6
-3375.25175	-6
-3369.301748	-6
-3363.351745	-6
-3357.401743	-6
-3351.45174	-6
-3345.501738	-8
-3339.551736	-6
-3333.601733	-6
-3327.651731	-8
-3321.701729	-6
-3315.751726	-6
-3309.801724	-6
-3303.851721	-8
-3297.901719	-6
-3291.951717	-6
-3286.001714	-8
-3280.051712	-6
-3274.10171	-6
-3268.151707	-6
-3262.201705	-8
-3256.251702	-8
-3250.3017	-6
-3244.351698	-8
-3238.401695	-8
-3232.451693	-6
-3226.50169	-8
-3220.551688	-8
-3214.601686	-6
-3208.651683	-8
-3202.701681	-8
-3196.751679	-8
-3190.801676	-8
-3184.851674	-8
-3178.901671	-8
-3172.951669	-8
-3167.001667	-8
-3161.051664	-8
-3155.101662	-8
-3149.15166	-8
-3143.201657	-8
-3137.251655	-8
-3131.301652	-8
-3125.35165	-8
-3119.401648	-8
-3113.451645	-8
-3107.501643	-8
-3101.55164	-8
-3095.601638	-8
-3089.651636	-8
-3083.701633	-8
-3077.751631	-8
-3071.801629	-8
-3065.851626	-8
-3059.901624	-8
-3053.951621	-8
-3048.001619	-8
-3042.051617	-8
-3036.101614	-10
-3030.151612	-10
-3024.20161	-10
-3018.251607	-10
-3012.301605	-10
-3006.351602	-10
-3000.4016	-10
-2994.451598	-10
-2988.501595	-10
-2982.551593	-10
-2976.60159	-10
-2970.651588	-10
-2964.701586	-10
-2958.751583	-10
-2952.801581	-10
-2946.851579	-12
-2940.901576	-12
-2934.951574	-12
-2929.001571	-10
-2923.051569	-12
-2917.101567	-12
-2911.151564	-12
-2905.201562	-12
-2899.25156	-12
-2893.301557	-12
-2887.351555	-12
-2881.401552	-12
-2875.45155	-14
-2869.501548	-12
-2863.551545	-14
-2857.601543	-14
-2851.65154	-12
-2845.701538	-14
-2839.751536	-14
-2833.801533	-14
-2827.851531	-14
-2821.901529	-14
-2815.951526	-16
-2810.001524	-14
-2804.051521	-14
-2798.101519	-16
-2792.151517	-16
-2786.201514	-16
-2780.251512	-16
-2774.30151	-16
-2768.351507	-16
-2762.401505	-16
-2756.451502	-16
-2750.5015	-16
-2744.551498	-18
-2738.601495	-18
-2732.651493	-18
-2726.70149	-16
-2720.751488	-18
-2714.801486	-18
-2708.851483	-18
-2702.901481	-18
-2696.951479	-18
-2691.001476	-20
-2685.051474	-20
-2679.101471	-20
-2673.151469	-20
-2667.201467	-20
-2661.251464	-20
-2655.301462	-20
-2649.35146	-22
-2643.401457	-20
-2637.451455	-22
-2631.501452	-20
-2625.55145	-22
-2619.601448	-22
-2613.651445	-22
-2607.701443	-22
-2601.75144	-22
-2595.801438	-22
-2589.851436	-24
-2583.901433	-24
-2577.951431	-24
-2572.001429	-24
-2566.051426	-24
-2560.101424	-24
-2554.151421	-26
-2548.201419	-24
-2542.251417	-24
-2536.301414	-26
-2530.351412	-26
-2524.40141	-26
-2518.451407	-26
-2512.501405	-26
-2506.551402	-26
-2500.6014	-26
-2494.651398	-26
-2488.701395	-26
-2482.751393	-28
-2476.80139	-28
-2470.851388	-28
-2464.901386	-28
-2458.951383	-28
-2453.001381	-28
-2447.051379	-30
-2441.101376	-30
-2435.151374	-30
-2429.201371	-30
-2423.251369	-30
-2417.301367	-30
-2411.351364	-30
-2405.401362	-30
-2399.45136	-30
-2393.501357	-32
-2387.551355	-30
-2381.601352	-32
-2375.65135	-32
-2369.701348	-32
-2363.751345	-32
-2357.801343	-32
-2351.85134	-32
-2345.901338	-34
-2339.951336	-32
-2334.001333	-34
-2328.051331	-34
-2322.101329	-34
-2316.151326	-34
-2310.201324	-34
-2304.251321	-34
-2298.301319	-34
-2292.351317	-34
-2286.401314	-34
-2280.451312	-36
-2274.50131	-36
-2268.551307	-36
-2262.601305	-36
-2256.651302	-36
-2250.7013	-36
-2244.751298	-36
-2238.801295	-36
-2232.851293	-36
-2226.90129	-38
-2220.951288	-38
-2215.001286	-38
-2209.051283	-38
-2203.101281	-38
-2197.151279	-38
-2191.201276	-38
-2185.251274	-38
-2179.301271	-38
-2173.351269	-38
-2167.401267	-38
-2161.451264	-38
-2155.501262	-40
-2149.55126	-40
-2143.601257	-40
-2137.651255	-40
-2131.701252	-40
-2125.75125	-40
-2119.801248	-40
-2113.851245	-40
-2107.901243	-40
-2101.95124	-40
-2096.001238	-40
-2090.051236	-40
-2084.101233	-42
-2078.151231	-42
-2072.201229	-40
-2066.251226	-40
-2060.301224	-42
-2054.351221	-42
-2048.401219	-40
-2042.451217	-42
-2036.501214	-42
-2030.551212	-42
-2024.60121	-42
-2018.651207	-42
-2012.701205	-42
-2006.751202	-42
-2000.8012	-42
-1994.851198	-42
-1988.901195	-42
-1982.951193	-42
-1977.00119	-42
-1971.051188	-42
-1965.101186	-42
-1959.151183	-42
-1953.201181	-42
-1947.251179	-42
-1941.301176	-44
-1935.351174	-42
-1929.401171	-42
-1923.451169	-42
-1917.501167	-42
-1911.551164	-42
-1905.601162	-42
-1899.65116	-42
-1893.701157	-44
-1887.751155	-42
-1881.801152	-42
-1875.85115	-42
-1869.901148	-42
-1863.951145	-42
-1858.001143	-42
-1852.05114	-42
-1846.101138	-42
-1840.151136	-42
-1834.201133	-42
-1828.251131	-42
-1822.301129	-42
-1816.351126	-44
-1810.401124	-44
-1804.451121	-42
-1798.501119	-42
-1792.551117	-42
-1786.601114	-42
-1780.651112	-42
-1774.70111	-42
-1768.751107	-44
-1762.801105	-42
-1756.851102	-42
-1750.9011	-42
-1744.951098	-44
-1739.001095	-42
-1733.051093	-44
-1727.10109	-42
-1721.151088	-42
-1715.201086	-42
-1709.251083	-42
-1703.301081	-42
-1697.351079	-42
-1691.401076	-42
-1685.451074	-42
-1679.501071	-42
-1673.551069	-42
-1667.601067	-42
-1661.651064	-42
-1655.701062	-42
-1649.75106	-42
-1643.801057	-42
-1637.851055	-42
-1631.901052	-42
-1625.95105	-42
-1620.001048	-42
-1614.051045	-42
-1608.101043	-42
-1602.15104	-42
-1596.201038	-42
-1590.251036	-42
-1584.301033	-42
-1578.351031	-42
-1572.401029	-42
-1566.451026	-42
-1560.501024	-40
-1554.551021	-42
-1548.601019	-40
-1542.651017	-42
-1536.701014	-40
-1530.751012	-42
-1524.80101	-40
-1518.851007	-40
-1512.901005	-40
-1506.951002	-40
-1501.001	-40
-1495.050998	-40
-1489.100995	-40
-1483.150993	-40
-1477.20099	-40
-1471.250988	-40
-1465.300986	-40
-1459.350983	-40
-1453.400981	-40
-1447.450979	-38
-1441.500976	-40
-1435.550974	-40
-1429.600971	-40
-1423.650969	-40
-1417.700967	-40
-1411.750964	-40
-1405.800962	-40
-1399.85096	-40
-1393.900957	-40
-1387.950955	-40
-1382.000952	-40
-1376.05095	-40
-1370.100948	-40
-1364.150945	-40
-1358.200943	-40
-1352.25094	-40
-1346.300938	-40
-1340.350936	-40
-1334.400933	-40
-1328.450931	-40
-1322.500929	-40
-1316.550926	-40
-1310.600924	-40
-1304.650921	-40
-1298.700919	-40
-1292.750917	-42
-1286.800914	-40
-1280.850912	-42
-1274.90091	-40
-1268.950907	-42
-1263.000905	-40
-1257.050902	-40
-1251.1009	-42
-1245.150898	-42
-1239.200895	-40
-1233.250893	-42
-1227.30089	-42
-1221.350888	-42
-1215.400886	-42
-1209.450883	-42
-1203.500881	-42
-1197.550879	-42
-1191.600876	-42
-1185.650874	-42
-1179.700871	-42
-1173.750869	-42
-1167.800867	-42
-1161.850864	-44
-1155.900862	-42
-1149.95086	-44
-1144.000857	-44
-1138.050855	-42
-1132.100852	-44
-1126.15085	-44
-1120.200848	-44
-1114.250845	-44
-1108.300843	-44
-1102.35084	-44
-1096.400838	-46
-1090.450836	-46
-1084.500833	-46
-1078.550831	-46
-1072.600829	-46
-1066.650826	-46
-1060.700824	-48
-1054.750821	-48
-1048.800819	-48
-1042.850817	-48
-1036.900814	-48
-1030.950812	-48
-1025.00081	-50
-1019.050807	-50
-1013.100805	-50
-1007.150802	-52
-1001.2008	-52
-995.2507976	-52
-989.3007952	-52
-983.3507929	-52
-977.4007905	-52
-971.4507881	-52
-965.5007857	-52
-959.5507833	-54
-953.600781	-54
-947.6507786	-54
-941.7007762	-54
-935.7507738	-54
-929.8007714	-56
-923.850769	-56
-917.9007667	-56
-911.9507643	-56
-906.0007619	-56
-900.0507595	-56
-894.1007571	-58
-888.1507548	-58
-882.2007524	-58
-876.25075	-58
-870.3007476	-58
-864.3507452	-58
-858.4007429	-60
-852.4507405	-60
-846.5007381	-60
-840.5507357	-60
-834.6007333	-60
-828.650731	-60
-822.7007286	-60
-816.7507262	-62
-810.8007238	-62
-804.8507214	-62
-798.900719	-62
-792.9507167	-62
-787.0007143	-62
-781.0507119	-62
-775.1007095	-64
-769.1507071	-64
-763.2007048	-64
-757.2507024	-64
-751.3007	-64
-745.3506976	-64
-739.4006952	-64
-733.4506929	-64
-727.5006905	-64
-721.5506881	-64
-715.6006857	-64
-709.6506833	-64
-703.700681	-64
-697.7506786	-64
-691.8006762	-64
-685.8506738	-64
-679.9006714	-66
-673.950669	-66
-668.0006667	-66
-662.0506643	-66
-656.1006619	-66
-650.1506595	-64
-644.2006571	-66
-638.2506548	-64
-632.3006524	-66
-626.35065	-64
-620.4006476	-64
-614.4506452	-64
-608.5006429	-64
-602.5506405	-64
-596.6006381	-64
-590.6506357	-62
-584.7006333	-64
-578.750631	-64
-572.8006286	-62
-566.8506262	-62
-560.9006238	-64
-554.9506214	-62
-549.000619	-62
-543.0506167	-62
-537.1006143	-62
-531.1506119	-62
-525.2006095	-62
-519.2506071	-60
-513.3006048	-60
-507.3506024	-60
-501.4006	-60
-495.4505976	-60
-489.5005952	-58
-483.5505929	-58
-477.6005905	-60
-471.6505881	-58
-465.7005857	-58
-459.7505833	-56
-453.800581	-56
-447.8505786	-56
-441.9005762	-56
-435.9505738	-56
-430.0005714	-54
-424.050569	-54
-418.1005667	-52
-412.1505643	-52
-406.2005619	-52
-400.2505595	-52
-394.3005571	-52
-388.3505548	-50
-382.4005524	-50
-376.45055	-48
-370.5005476	-48
-364.5505452	-48
-358.6005429	-46
-352.6505405	-46
-346.7005381	-46
-340.7505357	-46
-334.8005333	-44
-328.850531	-44
-322.9005286	-44
-316.9505262	-44
-311.0005238	-44
-305.0505214	-42
-299.100519	-42
-293.1505167	-42
-287.2005143	-40
-281.2505119	-38
-275.3005095	-38
-269.3505071	-38
-263.4005048	-36
-257.4505024	-36
-251.5005	-36
-245.5504976	-36
-239.6004952	-34
-233.6504929	-34
-227.7004905	-32
-221.7504881	-32
-215.8004857	-30
-209.8504833	-30
-203.900481	-30
-197.9504786	-30
-192.0004762	-28
-186.0504738	-28
-180.1004714	-26
-174.150469	-26
-168.2004667	-26
-162.2504643	-26
-156.3004619	-24
-150.3504595	-24
-144.4004571	-22
-138.4504548	-22
-132.5004524	-20
-126.55045	-20
-120.6004476	-20
-114.6504452	-18
-108.7004429	-18
-102.7504405	-16
-96.8004381	-16
-90.85043571	-16
-84.90043333	-14
-78.95043095	-14
-73.00042857	-14
-67.05042619	-12
-61.10042381	-12
-55.15042143	-10
-49.20041905	-10
-43.25041667	-8
-37.30041429	-8
-31.3504119	-8
-25.40040952	-6
-19.45040714	-6
-13.50040476	-6
-7.550402381	-4
-1.6004	-2
4.349602381	-2
10.29960476	-2
16.24960714	0
22.19960952	0
28.1496119	2
34.09961429	2
40.04961667	2
45.99961905	4
51.94962143	4
57.89962381	6
63.84962619	6
69.79962857	6
75.74963095	6
81.69963333	8
87.64963571	8
93.5996381	10
99.54964048	10
105.4996429	12
111.4496452	12
117.3996476	14
123.34965	14
129.2996524	16
135.2496548	16
141.1996571	16
147.1496595	18
153.0996619	20
159.0496643	20
164.9996667	20
170.949669	20
176.8996714	22
182.8496738	22
188.7996762	24
194.7496786	24
200.699681	24
206.6496833	26
212.5996857	26
218.5496881	26
224.4996905	28
230.4496929	28
236.3996952	28
242.3496976	30
248.2997	30
254.2497024	32
260.1997048	32
266.1497071	32
272.0997095	34
278.0497119	36
283.9997143	36
289.9497167	38
295.899719	38
301.8497214	38
307.7997238	38
313.7497262	40
319.6997286	40
325.649731	42
331.5997333	42
337.5497357	42
343.4997381	46
349.4497405	44
355.3997429	46
361.3497452	46
367.2997476	46
373.24975	46
379.1997524	48
385.1497548	50
391.0997571	50
397.0497595	50
402.9997619	50
408.9497643	52
414.8997667	52
420.849769	52
426.7997714	54
432.7497738	54
438.6997762	56
444.6497786	54
450.599781	56
456.5497833	56
462.4997857	58
468.4497881	58
474.3997905	58
480.3497929	58
486.2997952	60
492.2497976	60
498.1998	60
504.1498024	60
510.0998048	60
516.0498071	60
521.9998095	62
527.9498119	62
533.8998143	62
539.8498167	62
545.799819	62
551.7498214	64
557.6998238	64
563.6498262	64
569.5998286	64
575.549831	64
581.4998333	64
587.4498357	66
593.3998381	66
599.3498405	66
605.2998429	66
611.2498452	66
617.1998476	68
623.14985	66
629.0998524	66
635.0498548	68
640.9998571	66
646.9498595	68
652.8998619	68
658.8498643	68
664.7998667	68
670.749869	68
676.6998714	68
682.6498738	68
688.5998762	68
694.5498786	68
700.499881	68
706.4498833	68
712.3998857	68
718.3498881	68
724.2998905	68
730.2498929	68
736.1998952	68
742.1498976	68
748.0999	68
754.0499024	68
759.9999048	68
765.9499071	68
771.8999095	68
777.8499119	68
783.7999143	68
789.7499167	68
795.699919	66
801.6499214	66
807.5999238	66
813.5499262	66
819.4999286	66
825.449931	66
831.3999333	66
837.3499357	64
843.2999381	64
849.2499405	64
855.1999429	64
861.1499452	64
867.0999476	64
873.04995	64
878.9999524	64
884.9499548	62
890.8999571	62
896.8499595	62
902.7999619	62
908.7499643	62
914.6999667	62
920.649969	60
926.5999714	60
932.5499738	60
938.4999762	60
944.4499786	60
950.399981	60
956.3499833	58
962.2999857	58
968.2499881	58
974.1999905	58
980.1499929	58
986.0999952	58
992.0499976	56
998	56
1003.950002	56
1009.900005	56
1015.850007	56
1021.80001	56
1027.750012	54
1033.700014	54
1039.650017	54
1045.600019	54
1051.550021	54
1057.500024	52
1063.450026	52
1069.400029	52
1075.350031	52
1081.300033	52
1087.250036	52
1093.200038	50
1099.15004	50
1105.100043	50
1111.050045	50
1117.000048	50
1122.95005	50
1128.900052	48
1134.850055	48
1140.800057	48
1146.75006	46
1152.700062	46
1158.650064	46
1164.600067	46
1170.550069	46
1176.500071	46
1182.450074	46
1188.400076	44
1194.350079	46
1200.300081	44
1206.250083	44
1212.200086	44
1218.150088	44
1224.10009	42
1230.050093	44
1236.000095	42
1241.950098	42
1247.9001	42
1253.850102	42
1259.800105	42
1265.750107	42
1271.70011	42
1277.650112	42
1283.600114	40
1289.550117	40
1295.500119	40
1301.450121	38
1307.400124	40
1313.350126	40
1319.300129	40
1325.250131	38
1331.200133	38
1337.150136	38
1343.100138	38
1349.05014	38
1355.000143	38
1360.950145	38
1366.900148	38
1372.85015	38
1378.800152	38
1384.750155	38
1390.700157	38
1396.65016	36
1402.600162	36
1408.550164	38
1414.500167	36
1420.450169	38
1426.400171	36
1432.350174	36
1438.300176	36
1444.250179	36
1450.200181	36
1456.150183	36
1462.100186	36
1468.050188	36
1474.00019	36
1479.950193	36
1485.900195	36
1491.850198	36
1497.8002	36
1503.750202	36
1509.700205	36
1515.650207	34
1521.60021	34
1527.550212	36
1533.500214	36
1539.450217	36
1545.400219	34
1551.350221	36
1557.300224	36
1563.250226	34
1569.200229	36
1575.150231	36
1581.100233	34
1587.050236	34
1593.000238	34
1598.95024	34
1604.900243	34
1610.850245	34
1616.800248	34
1622.75025	34
1628.700252	34
1634.650255	34
1640.600257	34
1646.55026	34
1652.500262	34
1658.450264	34
1664.400267	34
1670.350269	34
1676.300271	34
1682.250274	34
1688.200276	34
1694.150279	36
1700.100281	34
1706.050283	34
1712.000286	34
1717.950288	34
1723.90029	34
1729.850293	34
1735.800295	34
1741.750298	34
1747.7003	34
1753.650302	34
1759.600305	34
1765.550307	34
1771.50031	34
1777.450312	34
1783.400314	34
1789.350317	34
1795.300319	34
1801.250321	34
1807.200324	34
1813.150326	36
1819.100329	34
1825.050331	34
1831.000333	36
1836.950336	36
1842.900338	34
1848.85034	34
1854.800343	34
1860.750345	36
1866.700348	34
1872.65035	34
1878.600352	36
1884.550355	34
1890.500357	34
1896.45036	34
1902.400362	34
1908.350364	34
1914.300367	34
1920.250369	34
1926.200371	34
1932.150374	34
1938.100376	36
1944.050379	34
1950.000381	34
1955.950383	34
1961.900386	36
1967.850388	34
1973.80039	34
1979.750393	34
1985.700395	34
1991.650398	34
1997.6004	34
2003.550402	34
2009.500405	34
2015.450407	34
2021.40041	34
2027.350412	34
2033.300414	34
2039.250417	34
2045.200419	34
2051.150421	34
2057.100424	34
2063.050426	34
2069.000429	34
2074.950431	34
2080.900433	34
2086.850436	34
2092.800438	34
2098.75044	34
2104.700443	34
2110.650445	32
2116.600448	34
2122.55045	34
2128.500452	34
2134.450455	34
2140.400457	32
2146.35046	34
2152.300462	32
2158.250464	34
2164.200467	32
2170.150469	32
2176.100471	32
2182.050474	34
2188.000476	32
2193.950479	32
2199.900481	32
2205.850483	32
2211.800486	32
2217.750488	32
2223.70049	32
2229.650493	32
2235.600495	32
2241.550498	32
2247.5005	32
2253.450502	32
2259.400505	32
2265.350507	32
2271.30051	32
2277.250512	32
2283.200514	32
2289.150517	32
2295.100519	32
2301.050521	32
2307.000524	32
2312.950526	30
2318.900529	32
2324.850531	32
2330.800533	32
2336.750536	32
2342.700538	30
2348.65054	30
2354.600543	30
2360.550545	30
2366.500548	30
2372.45055	30
2378.400552	30
2384.350555	30
2390.300557	30
2396.25056	30
2402.200562	30
2408.150564	28
2414.100567	30
2420.050569	30
2426.000571	30
2431.950574	28
2437.900576	30
2443.850579	30
2449.800581	30
2455.750583	28
2461.700586	28
2467.650588	28
2473.60059	28
2479.550593	28
2485.500595	28
2491.450598	28
2497.4006	28
2503.350602	28
2509.300605	28
2515.250607	28
2521.20061	28
2527.150612	28
2533.100614	28
2539.050617	26
2545.000619	26
2550.950621	28
2556.900624	26
2562.850626	26
2568.800629	26
2574.750631	26
2580.700633	26
2586.650636	24
2592.600638	26
2598.55064	26
2604.500643	26
2610.450645	26
2616.400648	26
2622.35065	24
2628.300652	24
2634.250655	24
2640.200657	24
2646.15066	24
2652.100662	24
2658.050664	24
2664.000667	24
2669.950669	24
2675.900671	24
2681.850674	24
2687.800676	24
2693.750679	24
2699.700681	22
2705.650683	24
2711.600686	22
2717.550688	24
2723.50069	22
2729.450693	22
2735.400695	22
2741.350698	22
2747.3007	22
2753.250702	22
2759.200705	22
2765.150707	22
2771.10071	22
2777.050712	22
2783.000714	22
2788.950717	22
2794.900719	22
2800.850721	20
2806.800724	20
2812.750726	22
2818.700729	20
2824.650731	20
2830.600733	20
2836.550736	20
2842.500738	20
2848.45074	20
2854.400743	20
2860.350745	20
2866.300748	20
2872.25075	20
2878.200752	18
2884.150755	20
2890.100757	18
2896.05076	18
2902.000762	20
2907.950764	18
2913.900767	18
2919.850769	18
2925.800771	16
2931.750774	18
2937.700776	18
2943.650779	18
2949.600781	18
2955.550783	16
2961.500786	16
2967.450788	16
2973.40079	16
2979.350793	16
2985.300795	16
2991.250798	16
2997.2008	16
3003.150802	16
3009.100805	16
3015.050807	16
3021.00081	16
3026.950812	16
3032.900814	16
3038.850817	16
3044.800819	14
3050.750821	14
3056.700824	16
3062.650826	16
3068.600829	14
3074.550831	14
3080.500833	14
3086.450836	14
3092.400838	14
3098.35084	14
3104.300843	14
3110.250845	14
3116.200848	14
3122.15085	14
3128.100852	14
3134.050855	14
3140.000857	14
3145.95086	14
3151.900862	12
3157.850864	14
3163.800867	12
3169.750869	12
3175.700871	12
3181.650874	12
3187.600876	12
3193.550879	12
3199.500881	12
3205.450883	12
3211.400886	12
3217.350888	10
3223.30089	12
3229.250893	12
3235.200895	12
3241.150898	10
3247.1009	10
3253.050902	12
3259.000905	12
3264.950907	10
3270.90091	10
3276.850912	10
3282.800914	10
3288.750917	10
3294.700919	10
3300.650921	10
3306.600924	10
3312.550926	10
3318.500929	10
3324.450931	10
3330.400933	10
3336.350936	10
3342.300938	10
3348.25094	10
3354.200943	10
3360.150945	10
3366.100948	10
3372.05095	10
3378.000952	10
3383.950955	10
3389.900957	10
3395.85096	10
3401.800962	10
3407.750964	10
3413.700967	10
3419.650969	8
3425.600971	10
3431.550974	8
3437.500976	10
3443.450979	8
3449.400981	8
3455.350983	8
3461.300986	8
3467.250988	8
3473.20099	8
3479.150993	8
3485.100995	8
3491.050998	8
3497.001	8
3502.951002	8
3508.901005	8
3514.851007	8
3520.80101	8
3526.751012	8
3532.701014	8
3538.651017	8
3544.601019	8
3550.551021	8
3556.501024	8
3562.451026	8
3568.401029	6
3574.351031	8
3580.301033	8
3586.251036	8
3592.201038	8
3598.15104	6
3604.101043	8
3610.051045	6
3616.001048	6
3621.95105	6
3627.901052	8
3633.851055	8
3639.801057	8
3645.75106	6
3651.701062	6
3657.651064	6
3663.601067	6
3669.551069	6
3675.501071	6
3681.451074	6
3687.401076	6
3693.351079	6
3699.301081	6
3705.251083	6
3711.201086	6
3717.151088	6
3723.10109	6
3729.051093	6
3735.001095	6
3740.951098	6
3746.9011	6
3752.851102	6
3758.801105	6
3764.751107	6
3770.70111	6
3776.651112	6
3782.601114	6
3788.551117	6
3794.501119	6
3800.451121	6
3806.401124	6
3812.351126	6
3818.301129	6
3824.251131	6
3830.201133	6
3836.151136	6
3842.101138	6
3848.05114	6
3854.001143	6
3859.951145	6
3865.901148	6
3871.85115	6
3877.801152	6
3883.751155	6
3889.701157	6
3895.65116	6
3901.601162	6
3907.551164	6
3913.501167	6
3919.451169	6
3925.401171	6
3931.351174	6
3937.301176	6
3943.251179	6
3949.201181	6
3955.151183	6
3961.101186	6
3967.051188	6
3973.00119	6
3978.951193	6
3984.901195	6
3990.851198	6
3996.8012	6
4002.751202	6
4008.701205	6
4014.651207	6
4020.60121	6
4026.551212	6
4032.501214	6
4038.451217	6
4044.401219	6
4050.351221	4
4056.301224	6
4062.251226	4
4068.201229	6
4074.151231	6
4080.101233	6
4086.051236	6
4092.001238	6
4097.95124	4
4103.901243	6
4109.851245	6
4115.801248	6
4121.75125	6
4127.701252	6
4133.651255	4
4139.601257	6
4145.55126	6
4151.501262	6
4157.451264	6
4163.401267	6
4169.351269	4
4175.301271	4
4181.251274	6
4187.201276	4
4193.151279	6
4199.101281	6
4205.051283	6
4211.001286	6
4216.951288	6
4222.90129	6
4228.851293	6
4234.801295	6
4240.751298	6
4246.7013	6
4252.651302	6
4258.601305	6
4264.551307	6
4270.50131	6
4276.451312	4
4282.401314	6
4288.351317	6
4294.301319	6
4300.251321	4
4306.201324	4
4312.151326	6
4318.101329	4
4324.051331	4
4330.001333	4
4335.951336	6
4341.901338	6
4347.85134	4
4353.801343	4
4359.751345	4
4365.701348	4
4371.65135	6
4377.601352	6
4383.551355	6
4389.501357	4
4395.45136	4
4401.401362	4
4407.351364	4
4413.301367	6
4419.251369	4
4425.201371	4
4431.151374	4
4437.101376	4
4443.051379	4
4449.001381	6
4454.951383	6
4460.901386	4
4466.851388	4
4472.80139	4
4478.751393	4
4484.701395	4
4490.651398	4
4496.6014	4
4502.551402	4
4508.501405	4
4514.451407	6
4520.40141	4
4526.351412	4
4532.301414	4
4538.251417	6
4544.201419	4
4550.151421	4
4556.101424	4
4562.051426	4
4568.001429	4
4573.951431	4
4579.901433	4
4585.851436	4
4591.801438	4
4597.75144	4
4603.701443	4
4609.651445	4
4615.601448	6
4621.55145	4
4627.501452	4
4633.451455	4
4639.401457	4
4645.35146	4
4651.301462	4
4657.251464	4
4663.201467	4
4669.151469	4
4675.101471	4
4681.051474	6
4687.001476	4
4692.951479	4
4698.901481	4
4704.851483	4
4710.801486	4
4716.751488	4
4722.70149	4
4728.651493	4
4734.601495	4
4740.551498	4
4746.5015	4
4752.451502	4
4758.401505	4
4764.351507	4
4770.30151	4
4776.251512	4
4782.201514	4
4788.151517	4
4794.101519	4
4800.051521	4
4806.001524	4
4811.951526	4
4817.901529	4
4823.851531	4
4829.801533	4
4835.751536	4
4841.701538	4
4847.65154	4
4853.601543	4
4859.551545	4
4865.501548	4
4871.45155	4
4877.401552	4
4883.351555	4
4889.301557	4
4895.25156	4
4901.201562	4
4907.151564	4
4913.101567	4
4919.051569	4
4925.001571	4
4930.951574	4
4936.901576	4
4942.851579	4
4948.801581	2
4954.751583	4
4960.701586	4
4966.651588	2
4972.60159	4
4978.551593	4
4984.501595	4
4990.451598	4
4996.4016	4
5002.351602	4
5008.301605	4
5014.251607	4
5020.20161	4
5026.151612	4
5032.101614	4
5038.051617	4
5044.001619	4
5049.951621	4
5055.901624	4
5061.851626	4
5067.801629	4
5073.751631	4
5079.701633	4
5085.651636	4
5091.601638	4
5097.55164	4
5103.501643	4
5109.451645	4
5115.401648	4
5121.35165	2
5127.301652	4
5133.251655	4
5139.201657	4
5145.15166	4
5151.101662	4
5157.051664	4
5163.001667	4
5168.951669	4
5174.901671	4
5180.851674	4
5186.801676	4
5192.751679	4
5198.701681	4
5204.651683	4
5210.601686	2
5216.551688	4
5222.50169	4
5228.451693	4
5234.401695	4
5240.351698	4
5246.3017	4
5252.251702	4
5258.201705	4
5264.151707	4
5270.10171	4
5276.051712	4
5282.001714	4
5287.951717	4
5293.901719	4
5299.851721	2
5305.801724	4
5311.751726	4
5317.701729	4
5323.651731	4
5329.601733	4
5335.551736	4
5341.501738	4
5347.45174	4
5353.401743	4
5359.351745	4
5365.301748	4
5371.25175	4
5377.201752	4
5383.151755	4
5389.101757	4
5395.05176	4
5401.001762	4
5406.951764	4
5412.901767	4
5418.851769	4
5424.801771	4
5430.751774	4
5436.701776	4
5442.651779	4
5448.601781	2
5454.551783	2
5460.501786	4
5466.451788	4
5472.40179	4
5478.351793	4
5484.301795	4
5490.251798	4
5496.2018	4
5502.151802	2
5508.101805	4
5514.051807	4
5520.00181	2
5525.951812	2
5531.901814	2
5537.851817	4
5543.801819	4
5549.751821	4
5555.701824	2
5561.651826	4
5567.601829	4
5573.551831	4
5579.501833	2
5585.451836	4
5591.401838	4
5597.35184	2
5603.301843	4
5609.251845	2
5615.201848	4
5621.15185	4
5627.101852	4
5633.051855	4
5639.001857	4
5644.95186	4
5650.901862	4
5656.851864	4
5662.801867	2
5668.751869	4
5674.701871	2
5680.651874	4
5686.601876	4
5692.551879	2
5698.501881	4
5704.451883	4
5710.401886	4
5716.351888	4
5722.30189	4
5728.251893	2
5734.201895	2
5740.151898	4
5746.1019	2
5752.051902	2
5758.001905	2
5763.951907	2
5769.90191	2
5775.851912	4
5781.801914	4
5787.751917	4
5793.701919	4
5799.651921	4
5805.601924	4
5811.551926	2
5817.501929	4
5823.451931	2
5829.401933	4
5835.351936	4
5841.301938	2
5847.25194	4
5853.201943	4
5859.151945	2
5865.101948	4
5871.05195	4
5877.001952	2
5882.951955	4
5888.901957	4
5894.85196	4
5900.801962	4
5906.751964	4
5912.701967	2
5918.651969	2
5924.601971	4
5930.551974	2
5936.501976	4
5942.451979	2
5948.401981	4
5954.351983	4
5960.301986	4
5966.251988	4
5972.20199	4
5978.151993	4
5984.101995	4
5990.051998	4
5996.002	4
6001.952002	4
6007.902005	2
6013.852007	4
6019.80201	4
6025.752012	2
6031.702014	4
6037.652017	4
6043.602019	4
6049.552021	4
6055.502024	2
6061.452026	4
6067.402029	4
6073.352031	4
6079.302033	4
6085.252036	4
6091.202038	4
6097.15204	2
6103.102043	4
6109.052045	2
6115.002048	4
6120.95205	4
6126.902052	2
6132.852055	4
6138.802057	4
6144.75206	4
6150.702062	4
6156.652064	4
6162.602067	4
6168.552069	2
6174.502071	4
6180.452074	4
6186.402076	4
6192.352079	4
6198.302081	4
6204.252083	2
6210.202086	4
6216.152088	2
6222.10209	4
6228.052093	2
6234.002095	4
6239.952098	4
6245.9021	4
6251.852102	4
6257.802105	4
6263.752107	2
6269.70211	2
6275.652112	4
6281.602114	4
6287.552117	4
6293.502119	4
6299.452121	4
6305.402124	2
6311.352126	4
6317.302129	4
6323.252131	2
6329.202133	4
6335.152136	4
6341.102138	4
6347.05214	2
6353.002143	4
6358.952145	2
6364.902148	4
6370.85215	4
6376.802152	4
6382.752155	2
6388.702157	2
6394.65216	4
6400.602162	4
6406.552164	4
6412.502167	4
6418.452169	4
6424.402171	2
6430.352174	2
6436.302176	2
6442.252179	4
6448.202181	4
6454.152183	4
6460.102186	2
6466.052188	4
6472.00219	4
6477.952193	4
6483.902195	4
6489.852198	2
6495.8022	2
6501.752202	2
6507.702205	4
6513.652207	4
6519.60221	4
6525.552212	4
6531.502214	2
6537.452217	2
6543.402219	2
6549.352221	4
6555.302224	2
6561.252226	2
6567.202229	2
6573.152231	2
6579.102233	4
6585.052236	2
6591.002238	4
6596.95224	2
6602.902243	2
6608.852245	2
6614.802248	2
6620.75225	2
6626.702252	4
6632.652255	4
6638.602257	2
6644.55226	4
6650.502262	4
6656.452264	4
6662.402267	4
6668.352269	4
6674.302271	2
6680.252274	2
6686.202276	2
6692.152279	2
6698.102281	2
6704.052283	4
6710.002286	4
6715.952288	2
6721.90229	2
6727.852293	2
6733.802295	4
6739.752298	4
6745.7023	4
6751.652302	4
6757.602305	4
6763.552307	4
6769.50231	2
6775.452312	2
6781.402314	4
6787.352317	2
6793.302319	2
6799.252321	2
6805.202324	4
6811.152326	2
6817.102329	4
6823.052331	4
6829.002333	2
6834.952336	2
6840.902338	2
6846.85234	4
6852.802343	4
6858.752345	4
6864.702348	4
6870.65235	2
6876.602352	4
6882.552355	4
6888.502357	2
6894.45236	4
6900.402362	4
6906.352364	2
6912.302367	2
6918.252369	4
6924.202371	2
6930.152374	4
6936.102376	2
6942.052379	2
6948.002381	4
6953.952383	4
6959.902386	2
6965.852388	4
6971.80239	4
6977.752393	2
6983.702395	2
6989.652398	4
6995.6024	4
7001.552402	4
7007.502405	4
7013.452407	2
7019.40241	2
7025.352412	4
7031.302414	4
7037.252417	2
7043.202419	2
7049.152421	2
7055.102424	2
7061.052426	4
7067.002429	2
7072.952431	4
7078.902433	4
7084.852436	2
7090.802438	4
7096.75244	4
7102.702443	4
7108.652445	4
7114.602448	2
7120.55245	2
7126.502452	2
7132.452455	4
7138.402457	4
7144.35246	4
7150.302462	4
7156.252464	4
7162.202467	4
7168.152469	4
7174.102471	2
7180.052474	4
7186.002476	4
7191.952479	4
7197.902481	2
7203.852483	2
7209.802486	2
7215.752488	4
7221.70249	4
7227.652493	4
7233.602495	4
7239.552498	4
7245.5025	4
7251.452502	4
7257.402505	2
7263.352507	2
7269.30251	4
7275.252512	2
7281.202514	2
7287.152517	4
7293.102519	2
7299.052521	4
7305.002524	2
7310.952526	2
7316.902529	4
7322.852531	2
7328.802533	2
7334.752536	2
7340.702538	2
7346.65254	2
7352.602543	2
7358.552545	2
7364.502548	2
7370.45255	2
7376.402552	2
7382.352555	4
7388.302557	4
7394.25256	2
7400.202562	2
7406.152564	2
7412.102567	2
7418.052569	4
7424.002571	4
7429.952574	2
7435.902576	4
7441.852579	2
7447.802581	2
7453.752583	4
7459.702586	4
7465.652588	2
7471.60259	2
7477.552593	2
7483.502595	2
7489.452598	2
7495.4026	4
7501.352602	4
7507.302605	2
7513.252607	4
7519.20261	4
7525.152612	4
7531.102614	4
7537.052617	4
7543.002619	4
7548.952621	4
7554.902624	2
7560.852626	2
7566.802629	2
7572.752631	4
7578.702633	4
7584.652636	4
7590.602638	2
7596.55264	4
7602.502643	4
7608.452645	4
7614.402648	2
7620.35265	4
7626.302652	4
7632.252655	2
7638.202657	4
7644.15266	4
7650.102662	4
7656.052664	4
7662.002667	2
7667.952669	2
7673.902671	2
7679.852674	4
7685.802676	2
7691.752679	4
7697.702681	4
7703.652683	4
7709.602686	2
7715.552688	4
7721.50269	2
7727.452693	4
7733.402695	2
7739.352698	4
7745.3027	4
7751.252702	4
7757.202705	4
7763.152707	2
7769.10271	4
7775.052712	4
7781.002714	2
7786.952717	2
7792.902719	2
7798.852721	2
7804.802724	4
7810.752726	4
7816.702729	4
7822.652731	4
7828.602733	2
7834.552736	2
7840.502738	2
7846.45274	2
7852.402743	2
7858.352745	4
7864.302748	2
7870.25275	2
7876.202752	2
7882.152755	2
7888.102757	2
7894.05276	2
7900.002762	2
7905.952764	4
7911.902767	4
7917.852769	2
7923.802771	4
7929.752774	4
7935.702776	4
7941.652779	4
7947.602781	2
7953.552783	2
7959.502786	2
7965.452788	2
7971.40279	2
7977.352793	4
7983.302795	2
7989.252798	2
7995.2028	4
8001.152802	2
8007.102805	4
8013.052807	4
8019.00281	2
8024.952812	4
8030.902814	4
8036.852817	2
8042.802819	2
8048.752821	2
8054.702824	4
8060.652826	4
8066.602829	2
8072.552831	4
8078.502833	2
8084.452836	4
8090.402838	4
8096.35284	2
8102.302843	4
8108.252845	4
8114.202848	2
8120.15285	2
8126.102852	2
8132.052855	2
8138.002857	4
8143.95286	4
8149.902862	4
8155.852864	2
8161.802867	2
8167.752869	2
8173.702871	2
8179.652874	4
8185.602876	4
8191.552879	4
8197.502881	4
8203.452883	2
8209.402886	2
8215.352888	4
8221.30289	4
8227.252893	2
8233.202895	2
8239.152898	2
8245.1029	2
8251.052902	2
8257.002905	4
8262.952907	4
8268.90291	4
8274.852912	2
8280.802914	4
8286.752917	4
8292.702919	2
8298.652921	2
8304.602924	4
8310.552926	4
8316.502929	2
8322.452931	2
8328.402933	2
8334.352936	2
8340.302938	4
8346.25294	4
8352.202943	4
8358.152945	2
8364.102948	4
8370.05295	2
8376.002952	2
8381.952955	4
8387.902957	4
8393.85296	2
8399.802962	2
8405.752964	2
8411.702967	2
8417.652969	2
8423.602971	4
8429.552974	2
